!  domain ID
               0
!  time step number
               0
!  time, Delta t
   0.000000000000000E+000   0.000000000000000E+000
! Number of grids, fields, and component
             513               7
    1    1    1    1    1    1    1
radius
   0.000000000000000E+000
   5.384615384615384E-001
   5.384709876951449E-001
   5.384993350388125E-001
   5.385465794210984E-001
   5.386127190563098E-001
   5.386977514445713E-001
   5.388016733719193E-001
   5.389244809104234E-001
   5.390661694183353E-001
   5.392267335402635E-001
   5.394061672073768E-001
   5.396044636376323E-001
   5.398216153360329E-001
   5.400576140949102E-001
   5.403124509942345E-001
   5.405861164019523E-001
   5.408785999743501E-001
   5.411898906564455E-001
   5.415199766824049E-001
   5.418688455759886E-001
   5.422364841510218E-001
   5.426228785118934E-001
   5.430280140540811E-001
   5.434518754647033E-001
   5.438944467230982E-001
   5.443557111014288E-001
   5.448356511653157E-001
   5.453342487744959E-001
   5.458514850835081E-001
   5.463873405424055E-001
   5.469417948974945E-001
   5.475148271921001E-001
   5.481064157673584E-001
   5.487165382630346E-001
   5.493451716183689E-001
   5.499922920729475E-001
   5.506578751676011E-001
   5.513418957453291E-001
   5.520443279522506E-001
   5.527651452385813E-001
   5.535043203596378E-001
   5.542618253768664E-001
   5.550376316588996E-001
   5.558317098826383E-001
   5.566440300343599E-001
   5.574745614108529E-001
   5.583232726205773E-001
   5.591901315848513E-001
   5.600751055390633E-001
   5.609781610339107E-001
   5.618992639366646E-001
   5.628383794324585E-001
   5.637954720256059E-001
   5.647705055409407E-001
   5.657634431251850E-001
   5.667742472483421E-001
   5.678028797051149E-001
   5.688493016163498E-001
   5.699134734305065E-001
   5.709953549251526E-001
   5.720949052084844E-001
   5.732120827208718E-001
   5.743468452364296E-001
   5.754991498646135E-001
   5.766689530518410E-001
   5.778562105831376E-001
   5.790608775838085E-001
   5.802829085211338E-001
   5.815222572060906E-001
   5.827788767950977E-001
   5.840527197917870E-001
   5.853437380487981E-001
   5.866518827695988E-001
   5.879771045103288E-001
   5.893193531816689E-001
   5.906785780507341E-001
   5.920547277429909E-001
   5.934477502442000E-001
   5.948575929023812E-001
   5.962842024298037E-001
   5.977275249050010E-001
   5.991875057748081E-001
   6.006640898564237E-001
   6.021572213394962E-001
   6.036668437882329E-001
   6.051929001435330E-001
   6.067353327251445E-001
   6.082940832338443E-001
   6.098690927536415E-001
   6.114603017540049E-001
   6.130676500921118E-001
   6.146910770151228E-001
   6.163305211624769E-001
   6.179859205682110E-001
   6.196572126633025E-001
   6.213443342780336E-001
   6.230472216443792E-001
   6.247658103984173E-001
   6.265000355827612E-001
   6.282498316490157E-001
   6.300151324602534E-001
   6.317958712935154E-001
   6.335919808423327E-001
   6.354033932192704E-001
   6.372300399584939E-001
   6.390718520183559E-001
   6.409287597840070E-001
   6.428006930700260E-001
   6.446875811230732E-001
   6.465893526245647E-001
   6.485059356933678E-001
   6.504372578885177E-001
   6.523832462119563E-001
   6.543438271112904E-001
   6.563189264825723E-001
   6.583084696731006E-001
   6.603123814842419E-001
   6.623305861742728E-001
   6.643630074612429E-001
   6.664095685258581E-001
   6.684701920143842E-001
   6.705448000415701E-001
   6.726333141935924E-001
   6.747356555310186E-001
   6.768517445917910E-001
   6.789815013942302E-001
   6.811248454400579E-001
   6.832816957174399E-001
   6.854519707040475E-001
   6.876355883701395E-001
   6.898324661816621E-001
   6.920425211033687E-001
   6.942656696019583E-001
   6.965018276492331E-001
   6.987509107252737E-001
   7.010128338216349E-001
   7.032875114445575E-001
   7.055748576182006E-001
   7.078747858878909E-001
   7.101872093233904E-001
   7.125120405221821E-001
   7.148491916127737E-001
   7.171985742580186E-001
   7.195600996584551E-001
   7.219336785556625E-001
   7.243192212356346E-001
   7.267166375321716E-001
   7.291258368302868E-001
   7.315467280696319E-001
   7.339792197479401E-001
   7.364232199244825E-001
   7.388786362235449E-001
   7.413453758379183E-001
   7.438233455324075E-001
   7.463124516473542E-001
   7.488126001021779E-001
   7.513236963989313E-001
   7.538456456258724E-001
   7.563783524610519E-001
   7.589217211759152E-001
   7.614756556389219E-001
   7.640400593191787E-001
   7.666148352900878E-001
   7.691998862330106E-001
   7.717951144409462E-001
   7.744004218222241E-001
   7.770157099042123E-001
   7.796408798370383E-001
   7.822758323973267E-001
   7.849204679919478E-001
   7.875746866617840E-001
   7.902383880855059E-001
   7.929114715833658E-001
   7.955938361210018E-001
   7.982853803132574E-001
   8.009860024280131E-001
   8.036956003900324E-001
   8.064140717848183E-001
   8.091413138624859E-001
   8.118772235416454E-001
   8.146216974132978E-001
   8.173746317447443E-001
   8.201359224835065E-001
   8.229054652612593E-001
   8.256831553977761E-001
   8.284688879048847E-001
   8.312625574904366E-001
   8.340640585622854E-001
   8.368732852322787E-001
   8.396901313202605E-001
   8.425144903580837E-001
   8.453462555936351E-001
   8.481853199948698E-001
   8.510315762538567E-001
   8.538849167908347E-001
   8.567452337582786E-001
   8.596124190449755E-001
   8.624863642801113E-001
   8.653669608373662E-001
   8.682540998390211E-001
   8.711476721600724E-001
   8.740475684323570E-001
   8.769536790486854E-001
   8.798658941669855E-001
   8.827841037144530E-001
   8.857081973917135E-001
   8.886380646769896E-001
   8.915735948302801E-001
   8.945146768975438E-001
   8.974611997148951E-001
   9.004130519128040E-001
   9.033701219203065E-001
   9.063322979692217E-001
   9.092994680983755E-001
   9.122715201578331E-001
   9.152483418131379E-001
   9.182298205495567E-001
   9.212158436763336E-001
   9.242062983309478E-001
   9.272010714833812E-001
   9.302000499403892E-001
   9.332031203497796E-001
   9.362101692046974E-001
   9.392210828479137E-001
   9.422357474761234E-001
   9.452540491442449E-001
   9.482758737697286E-001
   9.513011071368664E-001
   9.543296349011117E-001
   9.573613425933990E-001
   9.603961156244716E-001
   9.634338392892121E-001
   9.664743987709783E-001
   9.695176791459428E-001
   9.725635653874372E-001
   9.756119423702985E-001
   9.786626948752220E-001
   9.817157075931151E-001
   9.847708651294569E-001
   9.878280520086575E-001
   9.908871526784258E-001
   9.939480515141337E-001
   9.970106328231888E-001
   1.000074780849406E+000
   1.003140379777384E+000
   1.006207313736880E+000
   1.009275466807193E+000
   1.012344723021543E+000
   1.015414966371453E+000
   1.018486080811138E+000
   1.021557950261885E+000
   1.024630458616447E+000
   1.027703489743427E+000
   1.030776927491669E+000
   1.033850655694648E+000
   1.036924558174861E+000
   1.039998518748216E+000
   1.043072421228429E+000
   1.046146149431407E+000
   1.049219587179649E+000
   1.052292618306629E+000
   1.055365126661191E+000
   1.058436996111939E+000
   1.061508110551623E+000
   1.064578353901533E+000
   1.067647610115883E+000
   1.070715763186196E+000
   1.073782697145693E+000
   1.076848296073670E+000
   1.079912444099888E+000
   1.082975025408943E+000
   1.086035924244651E+000
   1.089095024914419E+000
   1.092152211793620E+000
   1.095207369329962E+000
   1.098260382047855E+000
   1.101311134552778E+000
   1.104359511535639E+000
   1.107405397777134E+000
   1.110448678152098E+000
   1.113489237633865E+000
   1.116526961298605E+000
   1.119561734329678E+000
   1.122593442021965E+000
   1.125621969786210E+000
   1.128647203153348E+000
   1.131669027778832E+000
   1.134687329446953E+000
   1.137701994075163E+000
   1.140712907718379E+000
   1.143719956573297E+000
   1.146723026982687E+000
   1.149722005439695E+000
   1.152716778592129E+000
   1.155707233246743E+000
   1.158693256373520E+000
   1.161674735109939E+000
   1.164651556765244E+000
   1.167623608824701E+000
   1.170590778953855E+000
   1.173552955002770E+000
   1.176510025010273E+000
   1.179461877208182E+000
   1.182408400025533E+000
   1.185349482092796E+000
   1.188285012246087E+000
   1.191214879531363E+000
   1.194138973208624E+000
   1.197057182756091E+000
   1.199969397874391E+000
   1.202875508490720E+000
   1.205775404763004E+000
   1.208668977084056E+000
   1.211556116085710E+000
   1.214436712642965E+000
   1.217310657878101E+000
   1.220177843164798E+000
   1.223038160132242E+000
   1.225891500669220E+000
   1.228737756928207E+000
   1.231576821329441E+000
   1.234408586564993E+000
   1.237232945602816E+000
   1.240049791690798E+000
   1.242859018360791E+000
   1.245660519432640E+000
   1.248454189018192E+000
   1.251239921525301E+000
   1.254017611661817E+000
   1.256787154439570E+000
   1.259548445178332E+000
   1.262301379509779E+000
   1.265045853381431E+000
   1.267781763060591E+000
   1.270509005138258E+000
   1.273227476533044E+000
   1.275937074495064E+000
   1.278637696609819E+000
   1.281329240802075E+000
   1.284011605339711E+000
   1.286684688837571E+000
   1.289348390261293E+000
   1.292002608931129E+000
   1.294647244525750E+000
   1.297282197086038E+000
   1.299907367018865E+000
   1.302522655100852E+000
   1.305127962482130E+000
   1.307723190690066E+000
   1.310308241632989E+000
   1.312883017603898E+000
   1.315447421284155E+000
   1.318001355747161E+000
   1.320544724462025E+000
   1.323077431297204E+000
   1.325599380524145E+000
   1.328110476820899E+000
   1.330610625275722E+000
   1.333099731390669E+000
   1.335577701085158E+000
   1.338044440699532E+000
   1.340499856998594E+000
   1.342943857175137E+000
   1.345376348853445E+000
   1.347797240092790E+000
   1.350206439390905E+000
   1.352603855687442E+000
   1.354989398367414E+000
   1.357362977264622E+000
   1.359724502665058E+000
   1.362073885310303E+000
   1.364411036400895E+000
   1.366735867599686E+000
   1.369048291035186E+000
   1.371348219304876E+000
   1.373635565478519E+000
   1.375910243101442E+000
   1.378172166197803E+000
   1.380421249273843E+000
   1.382657407321118E+000
   1.384880555819708E+000
   1.387090610741414E+000
   1.389287488552937E+000
   1.391471106219029E+000
   1.393641381205637E+000
   1.395798231483019E+000
   1.397941575528846E+000
   1.400071332331286E+000
   1.402187421392058E+000
   1.404289762729484E+000
   1.406378276881507E+000
   1.408452884908693E+000
   1.410513508397218E+000
   1.412560069461834E+000
   1.414592490748804E+000
   1.416610695438835E+000
   1.418614607249976E+000
   1.420604150440504E+000
   1.422579249811786E+000
   1.424539830711121E+000
   1.426485819034559E+000
   1.428417141229709E+000
   1.430333724298512E+000
   1.432235495800003E+000
   1.434122383853051E+000
   1.435994317139070E+000
   1.437851224904721E+000
   1.439693036964583E+000
   1.441519683703806E+000
   1.443331096080744E+000
   1.445127205629561E+000
   1.446907944462823E+000
   1.448673245274061E+000
   1.450423041340315E+000
   1.452157266524659E+000
   1.453875855278697E+000
   1.455578742645043E+000
   1.457265864259774E+000
   1.458937156354866E+000
   1.460592555760600E+000
   1.462231999907954E+000
   1.463855426830965E+000
   1.465462775169072E+000
   1.467053984169435E+000
   1.468628993689232E+000
   1.470187744197932E+000
   1.471730176779544E+000
   1.473256233134844E+000
   1.474765855583581E+000
   1.476258987066653E+000
   1.477735571148269E+000
   1.479195552018076E+000
   1.480638874493273E+000
   1.482065484020695E+000
   1.483475326678877E+000
   1.484868349180086E+000
   1.486244498872343E+000
   1.487603723741408E+000
   1.488945972412748E+000
   1.490271194153478E+000
   1.491579338874279E+000
   1.492870357131290E+000
   1.494144200127979E+000
   1.495400819716986E+000
   1.496640168401943E+000
   1.497862199339268E+000
   1.499066866339939E+000
   1.500254123871236E+000
   1.501423927058463E+000
   1.502576231686647E+000
   1.503710994202205E+000
   1.504828171714592E+000
   1.505927721997924E+000
   1.507009603492570E+000
   1.508073775306727E+000
   1.509120197217962E+000
   1.510148829674735E+000
   1.511159633797892E+000
   1.512152571382136E+000
   1.513127604897471E+000
   1.514084697490618E+000
   1.515023812986412E+000
   1.515944915889166E+000
   1.516847971384014E+000
   1.517732945338226E+000
   1.518599804302499E+000
   1.519448515512224E+000
   1.520279046888717E+000
   1.521091367040438E+000
   1.521885445264177E+000
   1.522661251546210E+000
   1.523418756563439E+000
   1.524157931684495E+000
   1.524878748970826E+000
   1.525581181177748E+000
   1.526265201755476E+000
   1.526930784850129E+000
   1.527577905304708E+000
   1.528206538660042E+000
   1.528816661155718E+000
   1.529408249730977E+000
   1.529981282025582E+000
   1.530535736380671E+000
   1.531071591839569E+000
   1.531588828148581E+000
   1.532087425757761E+000
   1.532567365821648E+000
   1.533028630199979E+000
   1.533471201458374E+000
   1.533895062868996E+000
   1.534300198411183E+000
   1.534686592772055E+000
   1.535054231347088E+000
   1.535403100240672E+000
   1.535733186266631E+000
   1.536044476948727E+000
   1.536336960521124E+000
   1.536610625928842E+000
   1.536865462828167E+000
   1.537101461587044E+000
   1.537318613285445E+000
   1.537516909715700E+000
   1.537696343382813E+000
   1.537856907504741E+000
   1.537998596012653E+000
   1.538121403551157E+000
   1.538225325478505E+000
   1.538310357866767E+000
   1.538376497501978E+000
   1.538423741884264E+000
   1.538452089227932E+000
   1.538461538461538E+000
heat_source
   0.000000000000000E+000
   0.000000000000000E+000
   0.000000000000000E+000
   0.000000000000000E+000
   0.000000000000000E+000
   0.000000000000000E+000
   0.000000000000000E+000
   0.000000000000000E+000
   0.000000000000000E+000
   0.000000000000000E+000
   0.000000000000000E+000
   0.000000000000000E+000
   0.000000000000000E+000
   0.000000000000000E+000
   0.000000000000000E+000
   0.000000000000000E+000
   0.000000000000000E+000
   0.000000000000000E+000
   0.000000000000000E+000
   0.000000000000000E+000
   0.000000000000000E+000
   0.000000000000000E+000
   0.000000000000000E+000
   0.000000000000000E+000
   0.000000000000000E+000
   0.000000000000000E+000
   0.000000000000000E+000
   0.000000000000000E+000
   0.000000000000000E+000
   0.000000000000000E+000
   0.000000000000000E+000
   0.000000000000000E+000
   0.000000000000000E+000
   0.000000000000000E+000
   0.000000000000000E+000
   0.000000000000000E+000
   0.000000000000000E+000
   0.000000000000000E+000
   0.000000000000000E+000
   0.000000000000000E+000
   0.000000000000000E+000
   0.000000000000000E+000
   0.000000000000000E+000
   0.000000000000000E+000
   0.000000000000000E+000
   0.000000000000000E+000
   0.000000000000000E+000
   0.000000000000000E+000
   0.000000000000000E+000
   0.000000000000000E+000
   0.000000000000000E+000
   0.000000000000000E+000
   0.000000000000000E+000
   0.000000000000000E+000
   0.000000000000000E+000
   0.000000000000000E+000
   0.000000000000000E+000
   0.000000000000000E+000
   0.000000000000000E+000
   0.000000000000000E+000
   0.000000000000000E+000
   0.000000000000000E+000
   0.000000000000000E+000
   0.000000000000000E+000
   0.000000000000000E+000
   0.000000000000000E+000
   0.000000000000000E+000
   0.000000000000000E+000
   0.000000000000000E+000
   0.000000000000000E+000
   0.000000000000000E+000
   0.000000000000000E+000
   0.000000000000000E+000
   0.000000000000000E+000
   0.000000000000000E+000
   0.000000000000000E+000
   0.000000000000000E+000
   0.000000000000000E+000
   0.000000000000000E+000
   0.000000000000000E+000
   0.000000000000000E+000
   0.000000000000000E+000
   0.000000000000000E+000
   0.000000000000000E+000
   0.000000000000000E+000
   0.000000000000000E+000
   0.000000000000000E+000
   0.000000000000000E+000
   0.000000000000000E+000
   0.000000000000000E+000
   0.000000000000000E+000
   0.000000000000000E+000
   0.000000000000000E+000
   0.000000000000000E+000
   0.000000000000000E+000
   0.000000000000000E+000
   0.000000000000000E+000
   0.000000000000000E+000
   0.000000000000000E+000
   0.000000000000000E+000
   0.000000000000000E+000
   0.000000000000000E+000
   0.000000000000000E+000
   0.000000000000000E+000
   0.000000000000000E+000
   0.000000000000000E+000
   0.000000000000000E+000
   0.000000000000000E+000
   0.000000000000000E+000
   0.000000000000000E+000
   0.000000000000000E+000
   0.000000000000000E+000
   0.000000000000000E+000
   0.000000000000000E+000
   0.000000000000000E+000
   0.000000000000000E+000
   0.000000000000000E+000
   0.000000000000000E+000
   0.000000000000000E+000
   0.000000000000000E+000
   0.000000000000000E+000
   0.000000000000000E+000
   0.000000000000000E+000
   0.000000000000000E+000
   0.000000000000000E+000
   0.000000000000000E+000
   0.000000000000000E+000
   0.000000000000000E+000
   0.000000000000000E+000
   0.000000000000000E+000
   0.000000000000000E+000
   0.000000000000000E+000
   0.000000000000000E+000
   0.000000000000000E+000
   0.000000000000000E+000
   0.000000000000000E+000
   0.000000000000000E+000
   0.000000000000000E+000
   0.000000000000000E+000
   0.000000000000000E+000
   0.000000000000000E+000
   0.000000000000000E+000
   0.000000000000000E+000
   0.000000000000000E+000
   0.000000000000000E+000
   0.000000000000000E+000
   0.000000000000000E+000
   0.000000000000000E+000
   0.000000000000000E+000
   0.000000000000000E+000
   0.000000000000000E+000
   0.000000000000000E+000
   0.000000000000000E+000
   0.000000000000000E+000
   0.000000000000000E+000
   0.000000000000000E+000
   0.000000000000000E+000
   0.000000000000000E+000
   0.000000000000000E+000
   0.000000000000000E+000
   0.000000000000000E+000
   0.000000000000000E+000
   0.000000000000000E+000
   0.000000000000000E+000
   0.000000000000000E+000
   0.000000000000000E+000
   0.000000000000000E+000
   0.000000000000000E+000
   0.000000000000000E+000
   0.000000000000000E+000
   0.000000000000000E+000
   0.000000000000000E+000
   0.000000000000000E+000
   0.000000000000000E+000
   0.000000000000000E+000
   0.000000000000000E+000
   0.000000000000000E+000
   0.000000000000000E+000
   0.000000000000000E+000
   0.000000000000000E+000
   0.000000000000000E+000
   0.000000000000000E+000
   0.000000000000000E+000
   0.000000000000000E+000
   0.000000000000000E+000
   0.000000000000000E+000
   0.000000000000000E+000
   0.000000000000000E+000
   0.000000000000000E+000
   0.000000000000000E+000
   0.000000000000000E+000
   0.000000000000000E+000
   0.000000000000000E+000
   0.000000000000000E+000
   0.000000000000000E+000
   0.000000000000000E+000
   0.000000000000000E+000
   0.000000000000000E+000
   0.000000000000000E+000
   0.000000000000000E+000
   0.000000000000000E+000
   0.000000000000000E+000
   0.000000000000000E+000
   0.000000000000000E+000
   0.000000000000000E+000
   0.000000000000000E+000
   0.000000000000000E+000
   0.000000000000000E+000
   0.000000000000000E+000
   0.000000000000000E+000
   0.000000000000000E+000
   0.000000000000000E+000
   0.000000000000000E+000
   0.000000000000000E+000
   0.000000000000000E+000
   0.000000000000000E+000
   0.000000000000000E+000
   0.000000000000000E+000
   0.000000000000000E+000
   0.000000000000000E+000
   0.000000000000000E+000
   0.000000000000000E+000
   0.000000000000000E+000
   0.000000000000000E+000
   0.000000000000000E+000
   0.000000000000000E+000
   0.000000000000000E+000
   0.000000000000000E+000
   0.000000000000000E+000
   0.000000000000000E+000
   0.000000000000000E+000
   0.000000000000000E+000
   0.000000000000000E+000
   0.000000000000000E+000
   0.000000000000000E+000
   0.000000000000000E+000
   0.000000000000000E+000
   0.000000000000000E+000
   0.000000000000000E+000
   0.000000000000000E+000
   0.000000000000000E+000
   0.000000000000000E+000
   0.000000000000000E+000
   0.000000000000000E+000
   0.000000000000000E+000
   0.000000000000000E+000
   0.000000000000000E+000
   0.000000000000000E+000
   0.000000000000000E+000
   0.000000000000000E+000
   0.000000000000000E+000
   0.000000000000000E+000
   0.000000000000000E+000
   0.000000000000000E+000
   0.000000000000000E+000
   0.000000000000000E+000
   0.000000000000000E+000
   0.000000000000000E+000
   0.000000000000000E+000
   0.000000000000000E+000
   0.000000000000000E+000
   0.000000000000000E+000
   0.000000000000000E+000
   0.000000000000000E+000
   0.000000000000000E+000
   0.000000000000000E+000
   0.000000000000000E+000
   0.000000000000000E+000
   0.000000000000000E+000
   0.000000000000000E+000
   0.000000000000000E+000
   0.000000000000000E+000
   0.000000000000000E+000
   0.000000000000000E+000
   0.000000000000000E+000
   0.000000000000000E+000
   0.000000000000000E+000
   0.000000000000000E+000
   0.000000000000000E+000
   0.000000000000000E+000
   0.000000000000000E+000
   0.000000000000000E+000
   0.000000000000000E+000
   0.000000000000000E+000
   0.000000000000000E+000
   0.000000000000000E+000
   0.000000000000000E+000
   0.000000000000000E+000
   0.000000000000000E+000
   0.000000000000000E+000
   0.000000000000000E+000
   0.000000000000000E+000
   0.000000000000000E+000
   0.000000000000000E+000
   0.000000000000000E+000
   0.000000000000000E+000
   0.000000000000000E+000
   0.000000000000000E+000
   0.000000000000000E+000
   0.000000000000000E+000
   0.000000000000000E+000
   0.000000000000000E+000
   0.000000000000000E+000
   0.000000000000000E+000
   0.000000000000000E+000
   0.000000000000000E+000
   0.000000000000000E+000
   0.000000000000000E+000
   0.000000000000000E+000
   0.000000000000000E+000
   0.000000000000000E+000
   0.000000000000000E+000
   0.000000000000000E+000
   0.000000000000000E+000
   0.000000000000000E+000
   0.000000000000000E+000
   0.000000000000000E+000
   0.000000000000000E+000
   0.000000000000000E+000
   0.000000000000000E+000
   0.000000000000000E+000
   0.000000000000000E+000
   0.000000000000000E+000
   0.000000000000000E+000
   0.000000000000000E+000
   0.000000000000000E+000
   0.000000000000000E+000
   0.000000000000000E+000
   0.000000000000000E+000
   0.000000000000000E+000
   0.000000000000000E+000
   0.000000000000000E+000
   0.000000000000000E+000
   0.000000000000000E+000
   0.000000000000000E+000
   0.000000000000000E+000
   0.000000000000000E+000
   0.000000000000000E+000
   0.000000000000000E+000
   0.000000000000000E+000
   0.000000000000000E+000
   0.000000000000000E+000
   0.000000000000000E+000
   0.000000000000000E+000
   0.000000000000000E+000
   0.000000000000000E+000
   0.000000000000000E+000
   0.000000000000000E+000
   0.000000000000000E+000
   0.000000000000000E+000
   0.000000000000000E+000
   0.000000000000000E+000
   0.000000000000000E+000
   0.000000000000000E+000
   0.000000000000000E+000
   0.000000000000000E+000
   0.000000000000000E+000
   0.000000000000000E+000
   0.000000000000000E+000
   0.000000000000000E+000
   0.000000000000000E+000
   0.000000000000000E+000
   0.000000000000000E+000
   0.000000000000000E+000
   0.000000000000000E+000
   0.000000000000000E+000
   0.000000000000000E+000
   0.000000000000000E+000
   0.000000000000000E+000
   0.000000000000000E+000
   0.000000000000000E+000
   0.000000000000000E+000
   0.000000000000000E+000
   0.000000000000000E+000
   0.000000000000000E+000
   0.000000000000000E+000
   0.000000000000000E+000
   0.000000000000000E+000
   0.000000000000000E+000
   0.000000000000000E+000
   0.000000000000000E+000
   0.000000000000000E+000
   0.000000000000000E+000
   0.000000000000000E+000
   0.000000000000000E+000
   0.000000000000000E+000
   0.000000000000000E+000
   0.000000000000000E+000
   0.000000000000000E+000
   0.000000000000000E+000
   0.000000000000000E+000
   0.000000000000000E+000
   0.000000000000000E+000
   0.000000000000000E+000
   0.000000000000000E+000
   0.000000000000000E+000
   0.000000000000000E+000
   0.000000000000000E+000
   0.000000000000000E+000
   0.000000000000000E+000
   0.000000000000000E+000
   0.000000000000000E+000
   0.000000000000000E+000
   0.000000000000000E+000
   0.000000000000000E+000
   0.000000000000000E+000
   0.000000000000000E+000
   0.000000000000000E+000
   0.000000000000000E+000
   0.000000000000000E+000
   0.000000000000000E+000
   0.000000000000000E+000
   0.000000000000000E+000
   0.000000000000000E+000
   0.000000000000000E+000
   0.000000000000000E+000
   0.000000000000000E+000
   0.000000000000000E+000
   0.000000000000000E+000
   0.000000000000000E+000
   0.000000000000000E+000
   0.000000000000000E+000
   0.000000000000000E+000
   0.000000000000000E+000
   0.000000000000000E+000
   0.000000000000000E+000
   0.000000000000000E+000
   0.000000000000000E+000
   0.000000000000000E+000
   0.000000000000000E+000
   0.000000000000000E+000
   0.000000000000000E+000
   0.000000000000000E+000
   0.000000000000000E+000
   0.000000000000000E+000
   0.000000000000000E+000
   0.000000000000000E+000
   0.000000000000000E+000
   0.000000000000000E+000
   0.000000000000000E+000
   0.000000000000000E+000
   0.000000000000000E+000
   0.000000000000000E+000
   0.000000000000000E+000
   0.000000000000000E+000
   0.000000000000000E+000
   0.000000000000000E+000
   0.000000000000000E+000
   0.000000000000000E+000
   0.000000000000000E+000
   0.000000000000000E+000
   0.000000000000000E+000
   0.000000000000000E+000
   0.000000000000000E+000
   0.000000000000000E+000
   0.000000000000000E+000
   0.000000000000000E+000
   0.000000000000000E+000
   0.000000000000000E+000
   0.000000000000000E+000
   0.000000000000000E+000
   0.000000000000000E+000
   0.000000000000000E+000
   0.000000000000000E+000
   0.000000000000000E+000
   0.000000000000000E+000
   0.000000000000000E+000
   0.000000000000000E+000
   0.000000000000000E+000
   0.000000000000000E+000
   0.000000000000000E+000
   0.000000000000000E+000
   0.000000000000000E+000
   0.000000000000000E+000
   0.000000000000000E+000
   0.000000000000000E+000
   0.000000000000000E+000
   0.000000000000000E+000
   0.000000000000000E+000
   0.000000000000000E+000
   0.000000000000000E+000
   0.000000000000000E+000
   0.000000000000000E+000
   0.000000000000000E+000
   0.000000000000000E+000
   0.000000000000000E+000
   0.000000000000000E+000
   0.000000000000000E+000
   0.000000000000000E+000
   0.000000000000000E+000
   0.000000000000000E+000
   0.000000000000000E+000
   0.000000000000000E+000
   0.000000000000000E+000
   0.000000000000000E+000
   0.000000000000000E+000
   0.000000000000000E+000
   0.000000000000000E+000
   0.000000000000000E+000
   0.000000000000000E+000
   0.000000000000000E+000
   0.000000000000000E+000
   0.000000000000000E+000
   0.000000000000000E+000
   0.000000000000000E+000
   0.000000000000000E+000
   0.000000000000000E+000
   0.000000000000000E+000
   0.000000000000000E+000
   0.000000000000000E+000
   0.000000000000000E+000
   0.000000000000000E+000
   0.000000000000000E+000
composition_source
   0.000000000000000E+000
   0.000000000000000E+000
   0.000000000000000E+000
   0.000000000000000E+000
   0.000000000000000E+000
   0.000000000000000E+000
   0.000000000000000E+000
   0.000000000000000E+000
   0.000000000000000E+000
   0.000000000000000E+000
   0.000000000000000E+000
   0.000000000000000E+000
   0.000000000000000E+000
   0.000000000000000E+000
   0.000000000000000E+000
   0.000000000000000E+000
   0.000000000000000E+000
   0.000000000000000E+000
   0.000000000000000E+000
   0.000000000000000E+000
   0.000000000000000E+000
   0.000000000000000E+000
   0.000000000000000E+000
   0.000000000000000E+000
   0.000000000000000E+000
   0.000000000000000E+000
   0.000000000000000E+000
   0.000000000000000E+000
   0.000000000000000E+000
   0.000000000000000E+000
   0.000000000000000E+000
   0.000000000000000E+000
   0.000000000000000E+000
   0.000000000000000E+000
   0.000000000000000E+000
   0.000000000000000E+000
   0.000000000000000E+000
   0.000000000000000E+000
   0.000000000000000E+000
   0.000000000000000E+000
   0.000000000000000E+000
   0.000000000000000E+000
   0.000000000000000E+000
   0.000000000000000E+000
   0.000000000000000E+000
   0.000000000000000E+000
   0.000000000000000E+000
   0.000000000000000E+000
   0.000000000000000E+000
   0.000000000000000E+000
   0.000000000000000E+000
   0.000000000000000E+000
   0.000000000000000E+000
   0.000000000000000E+000
   0.000000000000000E+000
   0.000000000000000E+000
   0.000000000000000E+000
   0.000000000000000E+000
   0.000000000000000E+000
   0.000000000000000E+000
   0.000000000000000E+000
   0.000000000000000E+000
   0.000000000000000E+000
   0.000000000000000E+000
   0.000000000000000E+000
   0.000000000000000E+000
   0.000000000000000E+000
   0.000000000000000E+000
   0.000000000000000E+000
   0.000000000000000E+000
   0.000000000000000E+000
   0.000000000000000E+000
   0.000000000000000E+000
   0.000000000000000E+000
   0.000000000000000E+000
   0.000000000000000E+000
   0.000000000000000E+000
   0.000000000000000E+000
   0.000000000000000E+000
   0.000000000000000E+000
   0.000000000000000E+000
   0.000000000000000E+000
   0.000000000000000E+000
   0.000000000000000E+000
   0.000000000000000E+000
   0.000000000000000E+000
   0.000000000000000E+000
   0.000000000000000E+000
   0.000000000000000E+000
   0.000000000000000E+000
   0.000000000000000E+000
   0.000000000000000E+000
   0.000000000000000E+000
   0.000000000000000E+000
   0.000000000000000E+000
   0.000000000000000E+000
   0.000000000000000E+000
   0.000000000000000E+000
   0.000000000000000E+000
   0.000000000000000E+000
   0.000000000000000E+000
   0.000000000000000E+000
   0.000000000000000E+000
   0.000000000000000E+000
   0.000000000000000E+000
   0.000000000000000E+000
   0.000000000000000E+000
   0.000000000000000E+000
   0.000000000000000E+000
   0.000000000000000E+000
   0.000000000000000E+000
   0.000000000000000E+000
   0.000000000000000E+000
   0.000000000000000E+000
   0.000000000000000E+000
   0.000000000000000E+000
   0.000000000000000E+000
   0.000000000000000E+000
   0.000000000000000E+000
   0.000000000000000E+000
   0.000000000000000E+000
   0.000000000000000E+000
   0.000000000000000E+000
   0.000000000000000E+000
   0.000000000000000E+000
   0.000000000000000E+000
   0.000000000000000E+000
   0.000000000000000E+000
   0.000000000000000E+000
   0.000000000000000E+000
   0.000000000000000E+000
   0.000000000000000E+000
   0.000000000000000E+000
   0.000000000000000E+000
   0.000000000000000E+000
   0.000000000000000E+000
   0.000000000000000E+000
   0.000000000000000E+000
   0.000000000000000E+000
   0.000000000000000E+000
   0.000000000000000E+000
   0.000000000000000E+000
   0.000000000000000E+000
   0.000000000000000E+000
   0.000000000000000E+000
   0.000000000000000E+000
   0.000000000000000E+000
   0.000000000000000E+000
   0.000000000000000E+000
   0.000000000000000E+000
   0.000000000000000E+000
   0.000000000000000E+000
   0.000000000000000E+000
   0.000000000000000E+000
   0.000000000000000E+000
   0.000000000000000E+000
   0.000000000000000E+000
   0.000000000000000E+000
   0.000000000000000E+000
   0.000000000000000E+000
   0.000000000000000E+000
   0.000000000000000E+000
   0.000000000000000E+000
   0.000000000000000E+000
   0.000000000000000E+000
   0.000000000000000E+000
   0.000000000000000E+000
   0.000000000000000E+000
   0.000000000000000E+000
   0.000000000000000E+000
   0.000000000000000E+000
   0.000000000000000E+000
   0.000000000000000E+000
   0.000000000000000E+000
   0.000000000000000E+000
   0.000000000000000E+000
   0.000000000000000E+000
   0.000000000000000E+000
   0.000000000000000E+000
   0.000000000000000E+000
   0.000000000000000E+000
   0.000000000000000E+000
   0.000000000000000E+000
   0.000000000000000E+000
   0.000000000000000E+000
   0.000000000000000E+000
   0.000000000000000E+000
   0.000000000000000E+000
   0.000000000000000E+000
   0.000000000000000E+000
   0.000000000000000E+000
   0.000000000000000E+000
   0.000000000000000E+000
   0.000000000000000E+000
   0.000000000000000E+000
   0.000000000000000E+000
   0.000000000000000E+000
   0.000000000000000E+000
   0.000000000000000E+000
   0.000000000000000E+000
   0.000000000000000E+000
   0.000000000000000E+000
   0.000000000000000E+000
   0.000000000000000E+000
   0.000000000000000E+000
   0.000000000000000E+000
   0.000000000000000E+000
   0.000000000000000E+000
   0.000000000000000E+000
   0.000000000000000E+000
   0.000000000000000E+000
   0.000000000000000E+000
   0.000000000000000E+000
   0.000000000000000E+000
   0.000000000000000E+000
   0.000000000000000E+000
   0.000000000000000E+000
   0.000000000000000E+000
   0.000000000000000E+000
   0.000000000000000E+000
   0.000000000000000E+000
   0.000000000000000E+000
   0.000000000000000E+000
   0.000000000000000E+000
   0.000000000000000E+000
   0.000000000000000E+000
   0.000000000000000E+000
   0.000000000000000E+000
   0.000000000000000E+000
   0.000000000000000E+000
   0.000000000000000E+000
   0.000000000000000E+000
   0.000000000000000E+000
   0.000000000000000E+000
   0.000000000000000E+000
   0.000000000000000E+000
   0.000000000000000E+000
   0.000000000000000E+000
   0.000000000000000E+000
   0.000000000000000E+000
   0.000000000000000E+000
   0.000000000000000E+000
   0.000000000000000E+000
   0.000000000000000E+000
   0.000000000000000E+000
   0.000000000000000E+000
   0.000000000000000E+000
   0.000000000000000E+000
   0.000000000000000E+000
   0.000000000000000E+000
   0.000000000000000E+000
   0.000000000000000E+000
   0.000000000000000E+000
   0.000000000000000E+000
   0.000000000000000E+000
   0.000000000000000E+000
   0.000000000000000E+000
   0.000000000000000E+000
   0.000000000000000E+000
   0.000000000000000E+000
   0.000000000000000E+000
   0.000000000000000E+000
   0.000000000000000E+000
   0.000000000000000E+000
   0.000000000000000E+000
   0.000000000000000E+000
   0.000000000000000E+000
   0.000000000000000E+000
   0.000000000000000E+000
   0.000000000000000E+000
   0.000000000000000E+000
   0.000000000000000E+000
   0.000000000000000E+000
   0.000000000000000E+000
   0.000000000000000E+000
   0.000000000000000E+000
   0.000000000000000E+000
   0.000000000000000E+000
   0.000000000000000E+000
   0.000000000000000E+000
   0.000000000000000E+000
   0.000000000000000E+000
   0.000000000000000E+000
   0.000000000000000E+000
   0.000000000000000E+000
   0.000000000000000E+000
   0.000000000000000E+000
   0.000000000000000E+000
   0.000000000000000E+000
   0.000000000000000E+000
   0.000000000000000E+000
   0.000000000000000E+000
   0.000000000000000E+000
   0.000000000000000E+000
   0.000000000000000E+000
   0.000000000000000E+000
   0.000000000000000E+000
   0.000000000000000E+000
   0.000000000000000E+000
   0.000000000000000E+000
   0.000000000000000E+000
   0.000000000000000E+000
   0.000000000000000E+000
   0.000000000000000E+000
   0.000000000000000E+000
   0.000000000000000E+000
   0.000000000000000E+000
   0.000000000000000E+000
   0.000000000000000E+000
   0.000000000000000E+000
   0.000000000000000E+000
   0.000000000000000E+000
   0.000000000000000E+000
   0.000000000000000E+000
   0.000000000000000E+000
   0.000000000000000E+000
   0.000000000000000E+000
   0.000000000000000E+000
   0.000000000000000E+000
   0.000000000000000E+000
   0.000000000000000E+000
   0.000000000000000E+000
   0.000000000000000E+000
   0.000000000000000E+000
  -1.000000000000000E+000
  -1.000000000000000E+000
  -1.000000000000000E+000
  -1.000000000000000E+000
  -1.000000000000000E+000
  -1.000000000000000E+000
  -1.000000000000000E+000
  -1.000000000000000E+000
  -1.000000000000000E+000
  -1.000000000000000E+000
  -1.000000000000000E+000
  -1.000000000000000E+000
  -1.000000000000000E+000
  -1.000000000000000E+000
  -1.000000000000000E+000
  -1.000000000000000E+000
  -1.000000000000000E+000
  -1.000000000000000E+000
  -1.000000000000000E+000
  -1.000000000000000E+000
  -1.000000000000000E+000
  -1.000000000000000E+000
  -1.000000000000000E+000
  -1.000000000000000E+000
  -1.000000000000000E+000
  -1.000000000000000E+000
  -1.000000000000000E+000
  -1.000000000000000E+000
  -1.000000000000000E+000
  -1.000000000000000E+000
  -1.000000000000000E+000
  -1.000000000000000E+000
  -1.000000000000000E+000
  -1.000000000000000E+000
  -1.000000000000000E+000
  -1.000000000000000E+000
  -1.000000000000000E+000
  -1.000000000000000E+000
  -1.000000000000000E+000
  -1.000000000000000E+000
  -1.000000000000000E+000
  -1.000000000000000E+000
  -1.000000000000000E+000
  -1.000000000000000E+000
  -1.000000000000000E+000
  -1.000000000000000E+000
  -1.000000000000000E+000
  -1.000000000000000E+000
  -1.000000000000000E+000
  -1.000000000000000E+000
  -1.000000000000000E+000
  -1.000000000000000E+000
  -1.000000000000000E+000
  -1.000000000000000E+000
  -1.000000000000000E+000
  -1.000000000000000E+000
  -1.000000000000000E+000
  -1.000000000000000E+000
  -1.000000000000000E+000
  -1.000000000000000E+000
  -1.000000000000000E+000
  -1.000000000000000E+000
  -1.000000000000000E+000
  -1.000000000000000E+000
  -1.000000000000000E+000
  -1.000000000000000E+000
  -1.000000000000000E+000
  -1.000000000000000E+000
  -1.000000000000000E+000
  -1.000000000000000E+000
  -1.000000000000000E+000
  -1.000000000000000E+000
  -1.000000000000000E+000
  -1.000000000000000E+000
  -1.000000000000000E+000
  -1.000000000000000E+000
  -1.000000000000000E+000
  -1.000000000000000E+000
  -1.000000000000000E+000
  -1.000000000000000E+000
  -1.000000000000000E+000
  -1.000000000000000E+000
  -1.000000000000000E+000
  -1.000000000000000E+000
  -1.000000000000000E+000
  -1.000000000000000E+000
  -1.000000000000000E+000
  -1.000000000000000E+000
  -1.000000000000000E+000
  -1.000000000000000E+000
  -1.000000000000000E+000
  -1.000000000000000E+000
  -1.000000000000000E+000
  -1.000000000000000E+000
  -1.000000000000000E+000
  -1.000000000000000E+000
  -1.000000000000000E+000
  -1.000000000000000E+000
  -1.000000000000000E+000
  -1.000000000000000E+000
  -1.000000000000000E+000
  -1.000000000000000E+000
  -1.000000000000000E+000
  -1.000000000000000E+000
  -1.000000000000000E+000
  -1.000000000000000E+000
  -1.000000000000000E+000
  -1.000000000000000E+000
  -1.000000000000000E+000
  -1.000000000000000E+000
  -1.000000000000000E+000
  -1.000000000000000E+000
  -1.000000000000000E+000
  -1.000000000000000E+000
  -1.000000000000000E+000
  -1.000000000000000E+000
  -1.000000000000000E+000
  -1.000000000000000E+000
  -1.000000000000000E+000
  -1.000000000000000E+000
  -1.000000000000000E+000
  -1.000000000000000E+000
  -1.000000000000000E+000
  -1.000000000000000E+000
  -1.000000000000000E+000
  -1.000000000000000E+000
  -1.000000000000000E+000
  -1.000000000000000E+000
  -1.000000000000000E+000
  -1.000000000000000E+000
  -1.000000000000000E+000
  -1.000000000000000E+000
  -1.000000000000000E+000
  -1.000000000000000E+000
  -1.000000000000000E+000
  -1.000000000000000E+000
  -1.000000000000000E+000
  -1.000000000000000E+000
  -1.000000000000000E+000
  -1.000000000000000E+000
  -1.000000000000000E+000
  -1.000000000000000E+000
  -1.000000000000000E+000
  -1.000000000000000E+000
  -1.000000000000000E+000
  -1.000000000000000E+000
  -1.000000000000000E+000
  -1.000000000000000E+000
  -1.000000000000000E+000
  -1.000000000000000E+000
  -1.000000000000000E+000
  -1.000000000000000E+000
  -1.000000000000000E+000
  -1.000000000000000E+000
  -1.000000000000000E+000
  -1.000000000000000E+000
  -1.000000000000000E+000
  -1.000000000000000E+000
  -1.000000000000000E+000
  -1.000000000000000E+000
  -1.000000000000000E+000
  -1.000000000000000E+000
  -1.000000000000000E+000
  -1.000000000000000E+000
  -1.000000000000000E+000
  -1.000000000000000E+000
  -1.000000000000000E+000
  -1.000000000000000E+000
  -1.000000000000000E+000
  -1.000000000000000E+000
  -1.000000000000000E+000
  -1.000000000000000E+000
  -1.000000000000000E+000
  -1.000000000000000E+000
  -1.000000000000000E+000
  -1.000000000000000E+000
  -1.000000000000000E+000
  -1.000000000000000E+000
  -1.000000000000000E+000
  -1.000000000000000E+000
  -1.000000000000000E+000
  -1.000000000000000E+000
  -1.000000000000000E+000
  -1.000000000000000E+000
  -1.000000000000000E+000
  -1.000000000000000E+000
  -1.000000000000000E+000
  -1.000000000000000E+000
  -1.000000000000000E+000
temperature
   0.000000000000000E+000
   1.000000000000000E+000
   9.999730022714716E-001
   9.998920157912525E-001
   9.997570606713391E-001
   9.995681704180444E-001
   9.993253919114969E-001
   9.990287853769687E-001
   9.986784243480680E-001
   9.982743956218403E-001
   9.978167992058247E-001
   9.973057482571279E-001
   9.967413690135896E-001
   9.961238007171060E-001
   9.954531955292116E-001
   9.947297184390039E-001
   9.939535471635219E-001
   9.931248720406854E-001
   9.922438959149176E-001
   9.913108340155804E-001
   9.903259138283497E-001
   9.892893749596836E-001
   9.882014689945268E-001
   9.870624593474079E-001
   9.858726211070946E-001
   9.846322408749729E-001
   9.833416165973298E-001
   9.820010573917142E-001
   9.806108833675674E-001
   9.791714254413119E-001
   9.776830251460940E-001
   9.761460344363794E-001
   9.745608154876110E-001
   9.729277404911270E-001
   9.712471914445625E-001
   9.695195599379369E-001
   9.677452469356562E-001
   9.659246625546366E-001
   9.640582258387823E-001
   9.621463645300329E-001
   9.601895148362080E-001
   9.581881211958720E-001
   9.561426360404492E-001
   9.540535195538098E-001
   9.519212394295574E-001
   9.497462706262433E-001
   9.475290951207298E-001
   9.452702016599331E-001
   9.429700855111608E-001
   9.406292482112730E-001
   9.382481973148824E-001
   9.358274461418123E-001
   9.333675135240308E-001
   9.308689235522667E-001
   9.283322053225233E-001
   9.257578926826960E-001
   9.231465239794945E-001
   9.204986418058702E-001
   9.178147927491466E-001
   9.150955271400426E-001
   9.123413988027779E-001
   9.095529648064419E-001
   9.067307852178086E-001
   9.038754228557672E-001
   9.009874430475434E-001
   8.980674133868692E-001
   8.951159034942664E-001
   8.921334847795955E-001
   8.891207302070203E-001
   8.860782140625262E-001
   8.830065117241412E-001
   8.799061994349808E-001
   8.767778540792536E-001
   8.736220529613385E-001
   8.704393735880604E-001
   8.672303934542666E-001
   8.639956898318120E-001
   8.607358395620500E-001
   8.574514188519240E-001
   8.541430030737461E-001
   8.508111665687439E-001
   8.474564824544518E-001
   8.440795224360205E-001
   8.406808566215039E-001
   8.372610533411888E-001
   8.338206789710181E-001
   8.303602977601573E-001
   8.268804716627487E-001
   8.233817601738903E-001
   8.198647201698748E-001
   8.163299057527138E-001
   8.127778680989751E-001
   8.092091553129469E-001
   8.056243122841482E-001
   8.020238805491896E-001
   7.984083981579927E-001
   7.947783995443699E-001
   7.911344154009556E-001
   7.874769725584880E-001
   7.838065938694252E-001
   7.801237980958800E-001
   7.764290998018597E-001
   7.727230092497817E-001
   7.690060323012413E-001
   7.652786703220034E-001
   7.615414200911825E-001
   7.577947737145818E-001
   7.540392185421421E-001
   7.502752370894707E-001
   7.465033069633988E-001
   7.427239007915234E-001
   7.389374861556844E-001
   7.351445255293282E-001
   7.313454762186997E-001
   7.275407903078136E-001
   7.237309146071426E-001
   7.199162906059681E-001
   7.160973544283302E-001
   7.122745367925168E-001
   7.084482629740285E-001
   7.046189527719532E-001
   7.007870204786885E-001
   6.969528748529420E-001
   6.931169190959428E-001
   6.892795508307978E-001
   6.854411620849221E-001
   6.816021392754744E-001
   6.777628631977277E-001
   6.739237090163039E-001
   6.700850462592037E-001
   6.662472388145577E-001
   6.624106449300313E-001
   6.585756172148081E-001
   6.547425026440841E-001
   6.509116425659999E-001
   6.470833727109412E-001
   6.432580232031347E-001
   6.394359185744725E-001
   6.356173777804899E-001
   6.318027142184346E-001
   6.279922357473495E-001
   6.241862447101084E-001
   6.203850379573304E-001
   6.165889068731112E-001
   6.127981374024997E-001
   6.090130100806578E-001
   6.052338000636370E-001
   6.014607771607063E-001
   5.976942058681710E-001
   5.939343454046162E-001
   5.901814497475166E-001
   5.864357676711518E-001
   5.826975427857618E-001
   5.789670135778946E-001
   5.752444134518763E-001
   5.715299707723578E-001
   5.678239089078740E-001
   5.641264462753667E-001
   5.604377963856138E-001
   5.567581678895166E-001
   5.530877646251909E-001
   5.494267856658103E-001
   5.457754253681580E-001
   5.421338734218361E-001
   5.385023148990818E-001
   5.348809303051544E-001
   5.312698956292383E-001
   5.276693823958261E-001
   5.240795577165361E-001
   5.205005843423223E-001
   5.169326207160411E-001
   5.133758210253295E-001
   5.098303352557648E-001
   5.062963092442604E-001
   5.027738847326699E-001
   4.992631994215596E-001
   4.957643870241196E-001
   4.922775773201767E-001
   4.888028962102849E-001
   4.853404657698528E-001
   4.818904043032899E-001
   4.784528263981352E-001
   4.750278429791447E-001
   4.716155613623096E-001
   4.682160853087818E-001
   4.648295150786801E-001
   4.614559474847559E-001
   4.580954759458923E-001
   4.547481905404208E-001
   4.514141780592273E-001
   4.480935220586332E-001
   4.447863029130317E-001
   4.414925978672580E-001
   4.382124810886788E-001
   4.349460237189842E-001
   4.316932939256639E-001
   4.284543569531558E-001
   4.252292751736505E-001
   4.220181081375383E-001
   4.188209126234861E-001
   4.156377426881325E-001
   4.124686497153883E-001
   4.093136824653318E-001
   4.061728871226905E-001
   4.030463073448954E-001
   3.999339843097047E-001
   3.968359567623821E-001
   3.937522610624269E-001
   3.906829312298445E-001
   3.876279989909561E-001
   3.845874938237330E-001
   3.815614430026587E-001
   3.785498716431062E-001
   3.755528027452310E-001
   3.725702572373718E-001
   3.696022540189572E-001
   3.666488100029135E-001
   3.637099401575721E-001
   3.607856575480718E-001
   3.578759733772565E-001
   3.549808970260626E-001
   3.521004360933987E-001
   3.492345964355138E-001
   3.463833822048529E-001
   3.435467958884023E-001
   3.407248383455203E-001
   3.379175088452574E-001
   3.351248051031626E-001
   3.323467233175810E-001
   3.295832582054378E-001
   3.268344030375152E-001
   3.241001496732202E-001
   3.213804885948469E-001
   3.186754089413337E-001
   3.159848985415180E-001
   3.133089439468906E-001
   3.106475304638536E-001
   3.080006421854810E-001
   3.053682620227886E-001
   3.027503717355132E-001
   3.001469519624076E-001
   2.975579822510492E-001
   2.949834410871720E-001
   2.924233059235207E-001
   2.898775532082328E-001
   2.873461584127516E-001
   2.848290960592746E-001
   2.823263397477414E-001
   2.798378621823631E-001
   2.773636351977011E-001
   2.749036297842952E-001
   2.724578161138499E-001
   2.700261635639783E-001
   2.676086407425134E-001
   2.652052155113855E-001
   2.628158550100760E-001
   2.604405256786483E-001
   2.580791932803610E-001
   2.557318229238705E-001
   2.533983790850242E-001
   2.510788256282527E-001
   2.487731258275613E-001
   2.464812423871320E-001
   2.442031374615329E-001
   2.419387726755471E-001
   2.396881091436228E-001
   2.374511074889463E-001
   2.352277278621503E-001
   2.330179299596553E-001
   2.308216730416534E-001
   2.286389159497358E-001
   2.264696171241734E-001
   2.243137346208501E-001
   2.221712261278582E-001
   2.200420489817583E-001
   2.179261601835084E-001
   2.158235164140691E-001
   2.137340740496859E-001
   2.116577891768586E-001
   2.095946176069968E-001
   2.075445148907713E-001
   2.055074363321617E-001
   2.034833370022087E-001
   2.014721717524730E-001
   1.994738952282060E-001
   1.974884618812385E-001
   1.955158259825888E-001
   1.935559416347981E-001
   1.916087627839949E-001
   1.896742432316944E-001
   1.877523366463365E-001
   1.858429965745675E-001
   1.839461764522686E-001
   1.820618296153366E-001
   1.801899093102210E-001
   1.783303687042193E-001
   1.764831608955394E-001
   1.746482389231275E-001
   1.728255557762700E-001
   1.710150644039720E-001
   1.692167177241141E-001
   1.674304686323960E-001
   1.656562700110655E-001
   1.638940747374413E-001
   1.621438356922305E-001
   1.604055057676460E-001
   1.586790378753248E-001
   1.569643849540573E-001
   1.552614999773215E-001
   1.535703359606346E-001
   1.518908459687204E-001
   1.502229831224976E-001
   1.485667006058922E-001
   1.469219516724769E-001
   1.452886896519416E-001
   1.436668679563979E-001
   1.420564400865195E-001
   1.404573596375259E-001
   1.388695803050055E-001
   1.372930558905885E-001
   1.357277403074678E-001
   1.341735875857729E-001
   1.326305518777981E-001
   1.310985874630919E-001
   1.295776487534042E-001
   1.280676902974997E-001
   1.265686667858373E-001
   1.250805330551197E-001
   1.236032440927136E-001
   1.221367550409472E-001
   1.206810212012826E-001
   1.192359980383705E-001
   1.178016411839845E-001
   1.163779064408442E-001
   1.149647497863226E-001
   1.135621273760439E-001
   1.121699955473748E-001
   1.107883108228092E-001
   1.094170299132499E-001
   1.080561097211888E-001
   1.067055073437891E-001
   1.053651800758712E-001
   1.040350854128027E-001
   1.027151810532965E-001
   1.014054249021195E-001
   1.001057750727124E-001
   9.881618988972161E-002
   9.753662789145046E-002
   9.626704783222323E-002
   9.500740868467267E-002
   9.375766964194633E-002
   9.251779011983746E-002
   9.128772975883856E-002
   9.006744842612484E-002
   8.885690621746274E-002
   8.765606345905076E-002
   8.646488070929051E-002
   8.528331876049185E-002
   8.411133864051322E-002
   8.294890161433692E-002
   8.179596918558456E-002
   8.065250309796981E-002
   7.951846533669468E-002
   7.839381812978477E-002
   7.727852394937269E-002
   7.617254551292293E-002
   7.507584578440585E-002
   7.398838797541843E-002
   7.291013554625506E-002
   7.184105220692866E-002
   7.078110191814344E-002
   6.973024889222128E-002
   6.868845759398262E-002
   6.765569274158241E-002
   6.663191930730271E-002
   6.561710251830440E-002
   6.461120785733619E-002
   6.361420106340546E-002
   6.262604813240903E-002
   6.164671531772698E-002
   6.067616913077982E-002
   5.971437634154964E-002
   5.876130397906748E-002
   5.781691933186531E-002
   5.688118994839774E-002
   5.595408363743042E-002
   5.503556846839749E-002
   5.412561277173072E-002
   5.322418513915769E-002
   5.233125442397345E-002
   5.144678974128411E-002
   5.057076046822394E-002
   4.970313624414752E-002
   4.884388697079626E-002
   4.799298281244135E-002
   4.715039419600394E-002
   4.631609181115146E-002
   4.549004661037383E-002
   4.467222980903721E-002
   4.386261288541835E-002
   4.306116758071894E-002
   4.226786589906120E-002
   4.148268010746448E-002
   4.070558273580566E-002
   3.993654657676102E-002
   3.917554468573261E-002
   3.842255038075847E-002
   3.767753724240808E-002
   3.694047911366277E-002
   3.621135009978257E-002
   3.549012456815863E-002
   3.477677714815428E-002
   3.407128273093241E-002
   3.337361646927168E-002
   3.268375377737093E-002
   3.200167033064318E-002
   3.132734206549896E-002
   3.066074517911995E-002
   3.000185612922345E-002
   2.935065163381701E-002
   2.870710867094570E-002
   2.807120447843082E-002
   2.744291655360055E-002
   2.682222265301434E-002
   2.620910079217988E-002
   2.560352924526339E-002
   2.500548654479482E-002
   2.441495148136668E-002
   2.383190310332808E-002
   2.325632071647318E-002
   2.268818388372640E-002
   2.212747242482188E-002
   2.157416641598061E-002
   2.102824618958287E-002
   2.048969233383834E-002
   1.995848569245269E-002
   1.943460736429243E-002
   1.891803870304666E-002
   1.840876131688737E-002
   1.790675706812802E-002
   1.741200807288089E-002
   1.692449670071296E-002
   1.644420557430134E-002
   1.597111756908791E-002
   1.550521581293374E-002
   1.504648368577365E-002
   1.459490481927047E-002
   1.415046309647040E-002
   1.371314265145820E-002
   1.328292786901436E-002
   1.285980338427242E-002
   1.244375408237791E-002
   1.203476509814903E-002
   1.163282181573910E-002
   1.123790986830056E-002
   1.085001513765135E-002
   1.046912375394383E-002
   1.009522209533586E-002
   9.728296787664988E-003
   9.368334704124888E-003
   9.015322964945208E-003
   8.669248937075217E-003
   8.330100233869455E-003
   7.997864714778325E-003
   7.672530485041435E-003
   7.354085895385020E-003
   7.042519541723733E-003
   6.737820264865729E-003
   6.439977150222912E-003
   6.148979527525124E-003
   5.864816970538694E-003
   5.587479296789751E-003
   5.316956567292786E-003
   5.053239086283311E-003
   4.796317400955867E-003
   4.546182301207529E-003
   4.302824819385760E-003
   4.066236230042583E-003
   3.836408049693267E-003
   3.613332036581117E-003
   3.397000190447653E-003
   3.187404752308573E-003
   2.984538204235505E-003
   2.788393269143374E-003
   2.598962910584245E-003
   2.416240332546688E-003
   2.240218979261598E-003
   2.070892535013897E-003
   1.908254923960732E-003
   1.752300309956224E-003
   1.603023096381887E-003
   1.460417925983859E-003
   1.324479680717076E-003
   1.195203481595504E-003
   1.072584688548699E-003
   9.566189002859965E-004
   8.473019541663350E-004
   7.446299260757861E-004
   6.485991303109519E-004
   5.592061194700603E-004
   4.764476843505400E-004
   4.003208538533404E-004
   3.308228948944920E-004
   2.679513123233860E-004
   2.117038488485773E-004
   1.620784849697288E-004
   1.190734389176638E-004
   8.268716660036438E-005
   5.291836155710881E-005
   2.976595491905040E-005
   1.322911537694886E-005
   3.307249156373986E-006
   0.000000000000000E+000
grad_temp
   0.000000000000000E+000
  -2.857184339783998E+000
  -2.857084066050447E+000
  -2.856783272304710E+000
  -2.856282067599750E+000
  -2.855580629067845E+000
  -2.854679204536296E+000
  -2.853578112314153E+000
  -2.852277740905265E+000
  -2.850778548722701E+000
  -2.849081063722679E+000
  -2.847185882979829E+000
  -2.845093672211533E+000
  -2.842805165260188E+000
  -2.840321163501585E+000
  -2.837642535219857E+000
  -2.834770214923765E+000
  -2.831705202609555E+000
  -2.828448562980157E+000
  -2.825001424616858E+000
  -2.821364979099826E+000
  -2.817540480085199E+000
  -2.813529242335562E+000
  -2.809332640712228E+000
  -2.804952109119995E+000
  -2.800389139415756E+000
  -2.795645280275153E+000
  -2.790722136024215E+000
  -2.785621365433030E+000
  -2.780344680475082E+000
  -2.774893845055431E+000
  -2.769270673707069E+000
  -2.763477030257604E+000
  -2.757514826468082E+000
  -2.751386020645896E+000
  -2.745092616232796E+000
  -2.738636660371526E+000
  -2.732020242450631E+000
  -2.725245492629597E+000
  -2.718314580348078E+000
  -2.711229712819204E+000
  -2.703993133507311E+000
  -2.696607120596127E+000
  -2.689073985445702E+000
  -2.681396071039558E+000
  -2.673575750426266E+000
  -2.665615425155238E+000
  -2.657517523710567E+000
  -2.649284499940563E+000
  -2.640918831489444E+000
  -2.632423018229019E+000
  -2.623799580694026E+000
  -2.615051058521999E+000
  -2.606180008900310E+000
  -2.597189005019459E+000
  -2.588080634535402E+000
  -2.578857498044613E+000
  -2.569522207568355E+000
  -2.560077385052011E+000
  -2.550525660878463E+000
  -2.540869672397321E+000
  -2.531112062471607E+000
  -2.521255478041951E+000
  -2.511302568710619E+000
  -2.501255985345949E+000
  -2.491118378708791E+000
  -2.480892398099741E+000
  -2.470580690031056E+000
  -2.460185896923463E+000
  -2.449710655826379E+000
  -2.439157597164240E+000
  -2.428529343510206E+000
  -2.417828508387004E+000
  -2.407057695095034E+000
  -2.396219495569142E+000
  -2.385316489264824E+000
  -2.374351242073033E+000
  -2.363326305265275E+000
  -2.352244214469408E+000
  -2.341107488675107E+000
  -2.329918629271276E+000
  -2.318680119113139E+000
  -2.307394421622291E+000
  -2.296063979916994E+000
  -2.284691215974533E+000
  -2.273278529825348E+000
  -2.261828298778198E+000
  -2.250342876678076E+000
  -2.238824593194295E+000
  -2.227275753141555E+000
  -2.215698635831927E+000
  -2.204095494457107E+000
  -2.192468555503126E+000
  -2.180820018195362E+000
  -2.169152053974187E+000
  -2.157466806000258E+000
  -2.145766388690902E+000
  -2.134052887285662E+000
  -2.122328357440438E+000
  -2.110594824852171E+000
  -2.098854284910743E+000
  -2.087108702378202E+000
  -2.075360011098240E+000
  -2.063610113730135E+000
  -2.051860881511089E+000
  -2.040114154043721E+000
  -2.028371739109502E+000
  -2.016635412507497E+000
  -2.004906917917396E+000
  -1.993187966786820E+000
  -1.981480238241716E+000
  -1.969785379020124E+000
  -1.958105003427477E+000
  -1.946440693314457E+000
  -1.934793998075463E+000
  -1.923166434667309E+000
  -1.911559487648589E+000
  -1.899974609237802E+000
  -1.888413219390031E+000
  -1.876876705892386E+000
  -1.865366424476179E+000
  -1.853883698946333E+000
  -1.842429821327357E+000
  -1.831006052024151E+000
  -1.819613619998648E+000
  -1.808253722960586E+000
  -1.796927527572194E+000
  -1.785636169666247E+000
  -1.774380754476766E+000
  -1.763162356881764E+000
  -1.751982021657909E+000
  -1.740840763745723E+000
  -1.729739568525986E+000
  -1.718679392105031E+000
  -1.707661161610162E+000
  -1.696685775493791E+000
  -1.685754103846023E+000
  -1.674866988714768E+000
  -1.664025244433333E+000
  -1.653229657955023E+000
  -1.642480989194041E+000
  -1.631779971372197E+000
  -1.621127311371055E+000
  -1.610523690089394E+000
  -1.599969762805117E+000
  -1.589466159540976E+000
  -1.579013485434430E+000
  -1.568612321110976E+000
  -1.558263223060067E+000
  -1.547966724013691E+000
  -1.537723333327165E+000
  -1.527533537362231E+000
  -1.517397799871077E+000
  -1.507316562381845E+000
  -1.497290244584946E+000
  -1.487319244719870E+000
  -1.477403939962443E+000
  -1.467544686811991E+000
  -1.457741821477853E+000
  -1.447995660265889E+000
  -1.438306499963787E+000
  -1.428674618225472E+000
  -1.419100273953802E+000
  -1.409583707682472E+000
  -1.400125141955670E+000
  -1.390724781705458E+000
  -1.381382814627770E+000
  -1.372099411555610E+000
  -1.362874726829702E+000
  -1.353708898666682E+000
  -1.344602049524255E+000
  -1.335554286463335E+000
  -1.326565701507292E+000
  -1.317636371997722E+000
  -1.308766360946706E+000
  -1.299955717385785E+000
  -1.291204476711215E+000
  -1.282512661025606E+000
  -1.273880279475307E+000
  -1.265307328584527E+000
  -1.256793792584716E+000
  -1.248339643740508E+000
  -1.239944842671179E+000
  -1.231609338667909E+000
  -1.223333070006902E+000
  -1.215115964257961E+000
  -1.206957938589099E+000
  -1.198858900066142E+000
  -1.190818745948576E+000
  -1.182837363980312E+000
  -1.174914632676362E+000
  -1.167050421604600E+000
  -1.159244591663580E+000
  -1.151496995355103E+000
  -1.143807477052832E+000
  -1.136175873265941E+000
  -1.128602012898341E+000
  -1.121085717503433E+000
  -1.113626801534068E+000
  -1.106225072588316E+000
  -1.098880331650307E+000
  -1.091592373326904E+000
  -1.084360986079673E+000
  -1.077185952452425E+000
  -1.070067049294380E+000
  -1.063004047978723E+000
  -1.055996714617038E+000
  -1.049044810269223E+000
  -1.042148091148988E+000
  -1.035306308825213E+000
  -1.028519210419077E+000
  -1.021786538796725E+000
  -1.015108032758100E+000
  -1.008483427221236E+000
  -1.001912453402888E+000
  -9.953948389948053E-001
  -9.889303083360801E-001
  -9.825185825815836E-001
  -9.761593798664450E-001
  -9.698524154666401E-001
  -9.635974019559512E-001
  -9.573940493588609E-001
  -9.512420652999580E-001
  -9.451411551496705E-001
  -9.390910221662807E-001
  -9.330913676344110E-001
  -9.271418910001472E-001
  -9.212422900024961E-001
  -9.153922608015250E-001
  -9.095914981032180E-001
  -9.038396952810643E-001
  -8.981365444942568E-001
  -8.924817368028144E-001
  -8.868749622794923E-001
  -8.813159101187722E-001
  -8.758042687427050E-001
  -8.703397259036976E-001
  -8.649219687846283E-001
  -8.595506840958933E-001
  -8.542255581696949E-001
  -8.489462770516170E-001
  -8.437125265894778E-001
  -8.385239925194199E-001
  -8.333803605495760E-001
  -8.282813164410570E-001
  -8.232265460864809E-001
  -8.182157355860653E-001
  -8.132485713211963E-001
  -8.083247400259026E-001
  -8.034439288557564E-001
  -7.986058254546649E-001
  -7.938101180194295E-001
  -7.890564953621180E-001
  -7.843446469703750E-001
  -7.796742630656084E-001
  -7.750450346591649E-001
  -7.704566536066366E-001
  -7.659088126600722E-001
  -7.614012055183323E-001
  -7.569335268757271E-001
  -7.525054724687479E-001
  -7.481167391210661E-001
  -7.437670247867842E-001
  -7.394560285920235E-001
  -7.351834508749207E-001
  -7.309489932239899E-001
  -7.267523585149505E-001
  -7.225932509459128E-001
  -7.184713760712995E-001
  -7.143864408341329E-001
  -7.103381535970215E-001
  -7.063262241717254E-001
  -7.023503638473585E-001
  -6.984102854174168E-001
  -6.945057032053583E-001
  -6.906363330890670E-001
  -6.868018925241017E-001
  -6.830021005656803E-001
  -6.792366778896834E-001
  -6.755053468124217E-001
  -6.718078313093443E-001
  -6.681438570327884E-001
  -6.645131513285705E-001
  -6.609154432516959E-001
  -6.573504635810323E-001
  -6.538179448331292E-001
  -6.503176212750503E-001
  -6.468492289363432E-001
  -6.434125056201978E-001
  -6.400071909137068E-001
  -6.366330261973658E-001
  -6.332897546537843E-001
  -6.299771212755942E-001
  -6.266948728726760E-001
  -6.234427580786743E-001
  -6.202205273567749E-001
  -6.170279330048452E-001
  -6.138647291599177E-001
  -6.107306718019956E-001
  -6.076255187573736E-001
  -6.045490297012783E-001
  -6.015009661599180E-001
  -5.984810915120740E-001
  -5.954891709900387E-001
  -5.925249716801808E-001
  -5.895882625229127E-001
  -5.866788143121937E-001
  -5.837963996945632E-001
  -5.809407931677946E-001
  -5.781117710790973E-001
  -5.753091116227758E-001
  -5.725325948376465E-001
  -5.697820026040361E-001
  -5.670571186403279E-001
  -5.643577284992745E-001
  -5.616836195638513E-001
  -5.590345810428232E-001
  -5.564104039660194E-001
  -5.538108811792704E-001
  -5.512358073390899E-001
  -5.486849789070263E-001
  -5.461581941437359E-001
  -5.436552531029122E-001
  -5.411759576248123E-001
  -5.387201113296669E-001
  -5.362875196107915E-001
  -5.338779896275305E-001
  -5.314913302979534E-001
  -5.291273522914182E-001
  -5.267858680208484E-001
  -5.244666916349203E-001
  -5.221696390100448E-001
  -5.198945277422240E-001
  -5.176411771386817E-001
  -5.154094082094360E-001
  -5.131990436586662E-001
  -5.110099078759802E-001
  -5.088418269275650E-001
  -5.066946285472618E-001
  -5.045681421274288E-001
  -5.024621987097788E-001
  -5.003766309761524E-001
  -4.983112732390929E-001
  -4.962659614325098E-001
  -4.942405331020794E-001
  -4.922348273956949E-001
  -4.902486850538104E-001
  -4.882819483997878E-001
  -4.863344613300740E-001
  -4.844060693044483E-001
  -4.824966193361320E-001
  -4.806059599819754E-001
  -4.787339413324680E-001
  -4.768804150018511E-001
  -4.750452341181273E-001
  -4.732282533130565E-001
  -4.714293287121585E-001
  -4.696483179247082E-001
  -4.678850800337102E-001
  -4.661394755858694E-001
  -4.644113665815404E-001
  -4.627006164647227E-001
  -4.610070901130250E-001
  -4.593306538276583E-001
  -4.576711753234388E-001
  -4.560285237187856E-001
  -4.544025695257599E-001
  -4.527931846401394E-001
  -4.512002423314669E-001
  -4.496236172331667E-001
  -4.480631853326749E-001
  -4.465188239615756E-001
  -4.449904117858345E-001
  -4.434778287960057E-001
  -4.419809562975043E-001
  -4.404996769009131E-001
  -4.390338745123472E-001
  -4.375834343238090E-001
  -4.361482428036787E-001
  -4.347281876871545E-001
  -4.333231579667984E-001
  -4.319330438831273E-001
  -4.305577369152473E-001
  -4.291971297715502E-001
  -4.278511163804239E-001
  -4.265195918811013E-001
  -4.252024526144940E-001
  -4.238995961140972E-001
  -4.226109210969700E-001
  -4.213363274547941E-001
  -4.200757162449573E-001
  -4.188289896817086E-001
  -4.175960511273917E-001
  -4.163768050837433E-001
  -4.151711571832468E-001
  -4.139790141805424E-001
  -4.128002839439162E-001
  -4.116348754468984E-001
  -4.104826987598447E-001
  -4.093436650416518E-001
  -4.082176865315432E-001
  -4.071046765408841E-001
  -4.060045494450772E-001
  -4.049172206755820E-001
  -4.038426067119669E-001
  -4.027806250739996E-001
  -4.017311943138733E-001
  -4.006942340084869E-001
  -3.996696647517641E-001
  -3.986574081471144E-001
  -3.976573867999118E-001
  -3.966695243100560E-001
  -3.956937452646301E-001
  -3.947299752306161E-001
  -3.937781407477221E-001
  -3.928381693212053E-001
  -3.919099894148736E-001
  -3.909935304440921E-001
  -3.900887227688727E-001
  -3.891954976870782E-001
  -3.883137874276503E-001
  -3.874435251439898E-001
  -3.865846449073089E-001
  -3.857370817001566E-001
  -3.849007714099617E-001
  -3.840756508226963E-001
  -3.832616576165773E-001
  -3.824587303558440E-001
  -3.816668084846730E-001
  -3.808858323210895E-001
  -3.801157430510003E-001
  -3.793564827223150E-001
  -3.786079942390908E-001
  -3.778702213558045E-001
  -3.771431086716879E-001
  -3.764266016251350E-001
  -3.757206464881806E-001
  -3.750251903610602E-001
  -3.743401811668488E-001
  -3.736655676461700E-001
  -3.730012993519995E-001
  -3.723473266445074E-001
  -3.717036006860033E-001
  -3.710700734359635E-001
  -3.704466976461083E-001
  -3.698334268555774E-001
  -3.692302153861657E-001
  -3.686370183376342E-001
  -3.680537915831064E-001
  -3.674804917645256E-001
  -3.669170762882095E-001
  -3.663635033204429E-001
  -3.658197317831844E-001
  -3.652857213498066E-001
  -3.647614324409476E-001
  -3.642468262204099E-001
  -3.637418645911463E-001
  -3.632465101913036E-001
  -3.627607263903636E-001
  -3.622844772853364E-001
  -3.618177276970300E-001
  -3.613604431663937E-001
  -3.609125899509431E-001
  -3.604741350212377E-001
  -3.600450460574534E-001
  -3.596252914460010E-001
  -3.592148402762430E-001
  -3.588136623372531E-001
  -3.584217281146773E-001
  -3.580390087876326E-001
  -3.576654762257099E-001
  -3.573011029860256E-001
  -3.569458623103436E-001
  -3.565997281222817E-001
  -3.562626750245750E-001
  -3.559346782964141E-001
  -3.556157138908524E-001
  -3.553057584322854E-001
  -3.550047892139889E-001
  -3.547127841957440E-001
  -3.544297220015173E-001
  -3.541555819172104E-001
  -3.538903438884864E-001
  -3.536339885186579E-001
  -3.533864970666487E-001
  -3.531478514450175E-001
  -3.529180342180562E-001
  -3.526970285999522E-001
  -3.524848184530160E-001
  -3.522813882859825E-001
  -3.520867232523812E-001
  -3.519008091489684E-001
  -3.517236324142226E-001
  -3.515551801269245E-001
  -3.513954400047845E-001
  -3.512444004031501E-001
  -3.511020503137752E-001
  -3.509683793636602E-001
  -3.508433778139521E-001
  -3.507270365589161E-001
  -3.506193471249764E-001
  -3.505203016698187E-001
  -3.504298929815617E-001
  -3.503481144779940E-001
  -3.502749602058790E-001
  -3.502104248403266E-001
  -3.501545036842278E-001
  -3.501071926677581E-001
  -3.500684883479492E-001
  -3.500383879083234E-001
  -3.500168891585957E-001
  -3.500039905344420E-001
  -3.499996910577240E-001
composition
   0.000000000000000E+000
   1.000000000000000E+000
   9.999540898986319E-001
   9.998163709971182E-001
   9.995868774962546E-001
   9.992656663741020E-001
   9.988528173511247E-001
   9.983484328414326E-001
   9.977526378901911E-001
   9.970655800972673E-001
   9.962874295272004E-001
   9.954183786055953E-001
   9.944586420020679E-001
   9.934084564998559E-001
   9.922680808522635E-001
   9.910377956260866E-001
   9.897179030322050E-001
   9.883087267435221E-001
   9.868106117004661E-001
   9.852239239042657E-001
   9.835490501982226E-001
   9.817863980372372E-001
   9.799363952458318E-001
   9.779994897649397E-001
   9.759761493877380E-001
   9.738668614848098E-001
   9.716721327189363E-001
   9.693924887498219E-001
   9.670284739290737E-001
   9.645806509857555E-001
   9.620496007028529E-001
   9.594359215849835E-001
   9.567402295177125E-001
   9.539631574188073E-001
   9.511053548818117E-001
   9.481674878122840E-001
   9.451502380570878E-001
   9.420543030270877E-001
   9.388803953136449E-001
   9.356292422992794E-001
   9.323015857628854E-001
   9.288981814798802E-001
   9.254197988176764E-001
   9.218672203268544E-001
   9.182412413284253E-001
   9.145426694975685E-001
   9.107723244442224E-001
   9.069310372909178E-001
   9.030196502482229E-001
   8.990390161881887E-001
   8.949899982161571E-001
   8.908734692413104E-001
   8.866903115463273E-001
   8.824414163564990E-001
   8.781276834086731E-001
   8.737500205203711E-001
   8.693093431594247E-001
   8.648065740144733E-001
   8.602426425666546E-001
   8.556184846628150E-001
   8.509350420905578E-001
   8.461932621554444E-001
   8.413940972606496E-001
   8.365385044893676E-001
   8.316274451902623E-001
   8.266618845662294E-001
   8.216427912667564E-001
   8.165711369841322E-001
   8.114478960537640E-001
   8.062740450588404E-001
   8.010505624395872E-001
   7.957784281073262E-001
   7.904586230635685E-001
   7.850921290243330E-001
   7.796799280499005E-001
   7.742230021801841E-001
   7.687223330758949E-001
   7.631789016656684E-001
   7.575936877993148E-001
   7.519676699073399E-001
   7.463018246668720E-001
   7.405971266741289E-001
   7.348545481235449E-001
   7.290750584936638E-001
   7.232596242399063E-001
   7.174092084942973E-001
   7.115247707722405E-001
   7.056072666864134E-001
   6.996576476678460E-001
   6.936768606942448E-001
   6.876658480256037E-001
   6.816255469471496E-001
   6.755568895196447E-001
   6.694608023370804E-001
   6.633382062917708E-001
   6.571900163468549E-001
   6.510171413162161E-001
   6.448204836517998E-001
   6.386009392383311E-001
   6.323593971954006E-001
   6.260967396868975E-001
   6.198138417377603E-001
   6.135115710579990E-001
   6.071907878739511E-001
   6.008523447667158E-001
   5.944970865177162E-001
   5.881258499613279E-001
   5.817394638445014E-001
   5.753387486933202E-001
   5.689245166864090E-001
   5.624975715351193E-001
   5.560587083704065E-001
   5.496087136363143E-001
   5.431483649899717E-001
   5.366784312080155E-001
   5.301996720993341E-001
   5.237128384240382E-001
   5.172186718185537E-001
   5.107179047267321E-001
   5.042112603368708E-001
   4.976994525245344E-001
   4.911831858010649E-001
   4.846631552676697E-001
   4.781400465749688E-001
   4.716145358878896E-001
   4.650872898557890E-001
   4.585589655876868E-001
   4.520302106324893E-001
   4.455016629640840E-001
   4.389739509711873E-001
   4.324476934518193E-001
   4.259234996122919E-001
   4.194019690705817E-001
   4.128836918639735E-001
   4.063692484608469E-001
   3.998592097764929E-001
   3.933541371928327E-001
   3.868545825819263E-001
   3.803610883331438E-001
   3.738741873838908E-001
   3.673944032537614E-001
   3.609222500820084E-001
   3.544582326682118E-001
   3.480028465160344E-001
   3.415565778799457E-001
   3.351199038148108E-001
   3.286932922282239E-001
   3.222772019354837E-001
   3.158720827171034E-001
   3.094783753787426E-001
   3.030965118134622E-001
   2.967269150661996E-001
   2.903699994003554E-001
   2.840261703664029E-001
   2.776958248724102E-001
   2.713793512563914E-001
   2.650771293603786E-001
   2.587895306061353E-001
   2.525169180724092E-001
   2.462596465736439E-001
   2.400180627400584E-001
   2.337925050990060E-001
   2.275833041575375E-001
   2.213907824860801E-001
   2.152152548031551E-001
   2.090570280610577E-001
   2.029164015324209E-001
   1.967936668975923E-001
   1.906891083327510E-001
   1.846030025986911E-001
   1.785356191302133E-001
   1.724872201260446E-001
   1.664580606392364E-001
   1.604483886679667E-001
   1.544584452466937E-001
   1.484884645375972E-001
   1.425386739222547E-001
   1.366092940934925E-001
   1.307005391473660E-001
   1.248126166752060E-001
   1.189457278556938E-001
   1.131000675469093E-001
   1.072758243783062E-001
   1.014731808425721E-001
   9.569231338732932E-002
   8.993339250663267E-002
   8.419658283223010E-002
   7.848204322453770E-002
   7.278992686330626E-002
   6.712038133792879E-002
   6.147354873736623E-002
   5.584956573965589E-002
   5.024856370096720E-002
   4.467066874418215E-002
   3.911600184696707E-002
   3.358467892931014E-002
   2.807681094049922E-002
   2.259250394551647E-002
   1.713185921082390E-002
   1.169497328952064E-002
   6.281938105849475E-003
   8.928410390338869E-004
  -4.472234993575059E-003
  -9.813211454054517E-003
  -1.513001410219235E-002
  -2.042257291450297E-002
  -2.569082200399990E-002
  -3.093469954072974E-002
  -3.615414767308810E-002
  -4.134911244992082E-002
  -4.651954374343108E-002
  -5.166539517289091E-002
  -5.678662402917670E-002
  -6.188319120012896E-002
  -6.695506109674798E-002
  -7.200220158023066E-002
  -7.702458388985517E-002
  -8.202218257171659E-002
  -8.699497540832175E-002
  -9.194294334904216E-002
  -9.686607044143422E-002
  -1.017643437634233E-001
  -1.066377533563573E-001
  -1.114862921589323E-001
  -1.163099559419852E-001
  -1.211087432441625E-001
  -1.258826553084566E-001
  -1.306316960196154E-001
  -1.353558718424183E-001
  -1.400551917608249E-001
  -1.447296672179861E-001
  -1.493793120571197E-001
  -1.540041424632482E-001
  -1.586041769057937E-001
  -1.631794360820273E-001
  -1.677299428613700E-001
  -1.722557222305377E-001
  -1.767568012395314E-001
  -1.812332089484623E-001
  -1.856849763752115E-001
  -1.901121364439125E-001
  -1.945147239342618E-001
  -1.988927754316382E-001
  -2.032463292780368E-001
  -2.075754255238048E-001
  -2.118801058801744E-001
  -2.161604136725864E-001
  -2.204163937947975E-001
  -2.246480926637657E-001
  -2.288555581753036E-001
  -2.330388396604968E-001
  -2.371979878428743E-001
  -2.413330547963315E-001
  -2.454440939037879E-001
  -2.495311598165833E-001
  -2.535943084145942E-001
  -2.576335967670701E-001
  -2.616490830941777E-001
  -2.656408267292465E-001
  -2.696088880817085E-001
  -2.735533286007206E-001
  -2.774742107394682E-001
  -2.813715979201306E-001
  -2.852455544995152E-001
  -2.890961457353379E-001
  -2.929234377531481E-001
  -2.967274975138943E-001
  -3.005083927821101E-001
  -3.042661920947251E-001
  -3.080009647304832E-001
  -3.117127806799654E-001
  -3.154017106162058E-001
  -3.190678258658948E-001
  -3.227111983811581E-001
  -3.263319007119081E-001
  -3.299300059787546E-001
  -3.335055878464687E-001
  -3.370587204979943E-001
  -3.405894786089937E-001
  -3.440979373229243E-001
  -3.475841722266341E-001
  -3.510482593264741E-001
  -3.544902750249120E-001
  -3.579102960976446E-001
  -3.613083996712014E-001
  -3.646846632010270E-001
  -3.680391644500408E-001
  -3.713719814676600E-001
  -3.746831925692848E-001
  -3.779728763162327E-001
  -3.812411114961176E-001
  -3.844879771036661E-001
  -3.877135523219621E-001
  -3.909179165041153E-001
  -3.941011491553422E-001
  -3.972633299154580E-001
  -4.004045385417665E-001
  -4.035248548923466E-001
  -4.066243589097245E-001
  -4.097031306049261E-001
  -4.127612500419044E-001
  -4.157987973223320E-001
  -4.188158525707561E-001
  -4.218124959201061E-001
  -4.247888074975495E-001
  -4.277448674106881E-001
  -4.306807557340920E-001
  -4.335965524961572E-001
  -4.364923376662928E-001
  -4.393681911424192E-001
  -4.422241927387802E-001
  -4.450604221740589E-001
  -4.478769590597943E-001
  -4.506738828890891E-001
  -4.534512730256079E-001
  -4.562092086928557E-001
  -4.589477689637357E-001
  -4.616670327503749E-001
  -4.643670787942210E-001
  -4.670479856563958E-001
  -4.697098317083070E-001
  -4.723526951225094E-001
  -4.749766538638145E-001
  -4.775817856806357E-001
  -4.801681680965762E-001
  -4.827279938556347E-001
  -4.852614401472622E-001
  -4.877686840163504E-001
  -4.902499023465547E-001
  -4.927052718438816E-001
  -4.951349690205363E-001
  -4.975391701790228E-001
  -4.999180513964957E-001
  -5.022717885093499E-001
  -5.046005570980525E-001
  -5.069045324722062E-001
  -5.091838896558394E-001
  -5.114388033729202E-001
  -5.136694480330867E-001
  -5.158759977175926E-001
  -5.180586261654601E-001
  -5.202175067598349E-001
  -5.223528125145451E-001
  -5.244647160608510E-001
  -5.265533896343876E-001
  -5.286190050622934E-001
  -5.306617337505236E-001
  -5.326817466713376E-001
  -5.346792143509673E-001
  -5.366543068574502E-001
  -5.386071937886348E-001
  -5.405380442603452E-001
  -5.424470268947116E-001
  -5.443343098086491E-001
  -5.462000606024977E-001
  -5.480444463488073E-001
  -5.498676335812717E-001
  -5.516697882838052E-001
  -5.534510758797594E-001
  -5.552116612212783E-001
  -5.569517085787874E-001
  -5.586713816306148E-001
  -5.603708434527399E-001
  -5.620502565086724E-001
  -5.637097826394488E-001
  -5.653495830537557E-001
  -5.669698183181677E-001
  -5.685706483475040E-001
  -5.701522323952967E-001
  -5.717147290443719E-001
  -5.732582961975409E-001
  -5.747830910683956E-001
  -5.762892701722124E-001
  -5.777769893169562E-001
  -5.792464035943872E-001
  -5.806976673712650E-001
  -5.821309342806525E-001
  -5.835463572133118E-001
  -5.849440883091965E-001
  -5.863242789490345E-001
  -5.876870797460010E-001
  -5.890326405374811E-001
  -5.903611103769173E-001
  -5.916726375257464E-001
  -5.929673694454156E-001
  -5.942454527894856E-001
  -5.955070333958127E-001
  -5.967522562788108E-001
  -5.979812656217943E-001
  -5.991942047693963E-001
  -6.003912162200638E-001
  -6.015724416186286E-001
  -6.027380217489517E-001
  -6.038880965266422E-001
  -6.050228049918459E-001
  -6.061422853021062E-001
  -6.072466747252965E-001
  -6.083361096326192E-001
  -6.094107254916749E-001
  -6.104706568595988E-001
  -6.115160373762636E-001
  -6.125469997575476E-001
  -6.135636757886703E-001
  -6.145661963175908E-001
  -6.155546912484693E-001
  -6.165292895351943E-001
  -6.174901191749713E-001
  -6.184373072019723E-001
  -6.193709796810488E-001
  -6.202912617015048E-001
  -6.211982773709308E-001
  -6.220921498090971E-001
  -6.229730011419071E-001
  -6.238409524954107E-001
  -6.246961239898748E-001
  -6.255386347339140E-001
  -6.263686028186780E-001
  -6.271861453120974E-001
  -6.279913782531866E-001
  -6.287844166464051E-001
  -6.295653744560742E-001
  -6.303343646008509E-001
  -6.310914989482587E-001
  -6.318368883092745E-001
  -6.325706424329716E-001
  -6.332928700012186E-001
  -6.340036786234337E-001
  -6.347031748313955E-001
  -6.353914640741082E-001
  -6.360686507127241E-001
  -6.367348380155191E-001
  -6.373901281529254E-001
  -6.380346221926180E-001
  -6.386684200946580E-001
  -6.392916207066898E-001
  -6.399043217591940E-001
  -6.405066198607949E-001
  -6.410986104936240E-001
  -6.416803880087379E-001
  -6.422520456215919E-001
  -6.428136754075678E-001
  -6.433653682975591E-001
  -6.439072140736087E-001
  -6.444393013646054E-001
  -6.449617176420319E-001
  -6.454745492157724E-001
  -6.459778812299722E-001
  -6.464717976589556E-001
  -6.469563813031985E-001
  -6.474317137853576E-001
  -6.478978755463544E-001
  -6.483549458415169E-001
  -6.488030027367766E-001
  -6.492421231049225E-001
  -6.496723826219107E-001
  -6.500938557632328E-001
  -6.505066158003384E-001
  -6.509107347971168E-001
  -6.513062836064347E-001
  -6.516933318667316E-001
  -6.520719479986731E-001
  -6.524421992018602E-001
  -6.528041514515992E-001
  -6.531578694957263E-001
  -6.535034168514923E-001
  -6.538408558025058E-001
  -6.541702473957332E-001
  -6.544916514385590E-001
  -6.548051264959038E-001
  -6.551107298874012E-001
  -6.554085176846352E-001
  -6.556985447084349E-001
  -6.559808645262303E-001
  -6.562555294494661E-001
  -6.565225905310776E-001
  -6.567820975630235E-001
  -6.570340990738812E-001
  -6.572786423265017E-001
  -6.575157733157242E-001
  -6.577455367661527E-001
  -6.579679761299910E-001
  -6.581831335849418E-001
  -6.583910500321641E-001
  -6.585917650942927E-001
  -6.587853171135193E-001
  -6.589717431497346E-001
  -6.591510789787327E-001
  -6.593233590904762E-001
  -6.594886166874235E-001
  -6.596468836829190E-001
  -6.597981906996446E-001
  -6.599425670681337E-001
  -6.600800408253467E-001
  -6.602106387133100E-001
  -6.603343861778181E-001
  -6.604513073671963E-001
  -6.605614251311281E-001
  -6.606647610195447E-001
  -6.607613352815773E-001
  -6.608511668645726E-001
  -6.609342734131717E-001
  -6.610106712684526E-001
  -6.610803754671344E-001
  -6.611433997408463E-001
  -6.611997565154600E-001
  -6.612494569104842E-001
  -6.612925107385235E-001
  -6.613289265048020E-001
  -6.613587114067485E-001
  -6.613818713336459E-001
  -6.613984108663452E-001
  -6.614083332770422E-001
  -6.614116405291175E-001
grad_composition
   0.000000000000000E+000
  -4.858691075774914E+000
  -4.858520558553209E+000
  -4.858009053617025E+000
  -4.857156746389592E+000
  -4.855963938110108E+000
  -4.854431050207495E+000
  -4.852558623957975E+000
  -4.850347320026231E+000
  -4.847797917952903E+000
  -4.844911315535683E+000
  -4.841688528108534E+000
  -4.838130687739522E+000
  -4.834239042336549E+000
  -4.830014954654189E+000
  -4.825459901224576E+000
  -4.820575471194843E+000
  -4.815363365075882E+000
  -4.809825393415849E+000
  -4.803963475384307E+000
  -4.797779637283611E+000
  -4.791276010977754E+000
  -4.784454832244137E+000
  -4.777318439056671E+000
  -4.769869269796345E+000
  -4.762109861391309E+000
  -4.754042847391474E+000
  -4.745670955980245E+000
  -4.736997007923719E+000
  -4.728023914462483E+000
  -4.718754675148716E+000
  -4.709192375626458E+000
  -4.699340185366054E+000
  -4.689201355350747E+000
  -4.678779215715167E+000
  -4.668077173347001E+000
  -4.657098709447610E+000
  -4.645847377057748E+000
  -4.634326798550433E+000
  -4.622540663095151E+000
  -4.610492724095366E+000
  -4.598186796601567E+000
  -4.585626754704094E+000
  -4.572816528910266E+000
  -4.559760103503663E+000
  -4.546461513894087E+000
  -4.532924843958085E+000
  -4.519154223374244E+000
  -4.505153824953823E+000
  -4.490927861973489E+000
  -4.476480585507829E+000
  -4.461816281769813E+000
  -4.446939269456834E+000
  -4.431853897109988E+000
  -4.416564540483648E+000
  -4.401075599931573E+000
  -4.385391497812691E+000
  -4.369516675913815E+000
  -4.353455592898342E+000
  -4.337212721777405E+000
  -4.320792547409553E+000
  -4.304199564028465E+000
  -4.287438272802262E+000
  -4.270513179425279E+000
  -4.253428791744852E+000
  -4.236189617424941E+000
  -4.218800161646982E+000
  -4.201264924850761E+000
  -4.183588400517976E+000
  -4.165775072996155E+000
  -4.147829415367539E+000
  -4.129755887362876E+000
  -4.111558933322499E+000
  -4.093242980203343E+000
  -4.074812435635295E+000
  -4.056271686026662E+000
  -4.037625094719147E+000
  -4.018877000193925E+000
  -4.000031714329396E+000
  -3.981093520711170E+000
  -3.962066672993927E+000
  -3.942955393315600E+000
  -3.923763870767004E+000
  -3.904496259912833E+000
  -3.885156679366986E+000
  -3.865749210422422E+000
  -3.846277895733635E+000
  -3.826746738054254E+000
  -3.807159699027210E+000
  -3.787520698029709E+000
  -3.767833611070643E+000
  -3.748102269741366E+000
  -3.728330460219951E+000
  -3.708521922326781E+000
  -3.688680348633284E+000
  -3.668809383621181E+000
  -3.648912622893619E+000
  -3.628993612435920E+000
  -3.609055847926641E+000
  -3.589102774098222E+000
  -3.569137784144971E+000
  -3.549164219179005E+000
  -3.529185367734584E+000
  -3.509204465316685E+000
  -3.489224693996249E+000
  -3.469249182048941E+000
  -3.449281003638333E+000
  -3.429323178541324E+000
  -3.409378671915135E+000
  -3.389450394105893E+000
  -3.369541200496172E+000
  -3.349653891392222E+000
  -3.329791211948361E+000
  -3.309955852128752E+000
  -3.290150446705042E+000
  -3.270377575288563E+000
  -3.250639762396645E+000
  -3.230939477551630E+000
  -3.211279135411814E+000
  -3.191661095932858E+000
  -3.172087664559271E+000
  -3.152561092444188E+000
  -3.133083576697288E+000
  -3.113657260658798E+000
  -3.094284234199634E+000
  -3.074966534045757E+000
  -3.055706144126376E+000
  -3.036504995944597E+000
  -3.017364968969815E+000
  -2.998287891050765E+000
  -2.979275538847972E+000
  -2.960329638285486E+000
  -2.941451865019971E+000
  -2.922643844926711E+000
  -2.903907154601711E+000
  -2.885243321878789E+000
  -2.866653826361002E+000
  -2.848140099965278E+000
  -2.829703527479467E+000
  -2.811345447131174E+000
  -2.793067151167534E+000
  -2.774869886444804E+000
  -2.756754855027339E+000
  -2.738723214795272E+000
  -2.720776080059721E+000
  -2.702914522185353E+000
  -2.685139570218894E+000
  -2.667452211523909E+000
  -2.649853392420141E+000
  -2.632344018827474E+000
  -2.614924956913583E+000
  -2.597597033744925E+000
  -2.580361037940008E+000
  -2.563217720325049E+000
  -2.546167794590737E+000
  -2.529211937950294E+000
  -2.512350791797658E+000
  -2.495584962365932E+000
  -2.478915021385006E+000
  -2.462341506738433E+000
  -2.445864923118748E+000
  -2.429485742681116E+000
  -2.413204405694529E+000
  -2.397021321190621E+000
  -2.380936867609357E+000
  -2.364951393441430E+000
  -2.349065217867029E+000
  -2.333278631390506E+000
  -2.317591896471029E+000
  -2.302005248148291E+000
  -2.286518894663672E+000
  -2.271133018076220E+000
  -2.255847774873189E+000
  -2.240663296575239E+000
  -2.225579690335543E+000
  -2.210597039533113E+000
  -2.195715404359952E+000
  -2.180934822401806E+000
  -2.166255309212307E+000
  -2.151676858880656E+000
  -2.137199444592273E+000
  -2.122823019182686E+000
  -2.108547515684258E+000
  -2.094372847865799E+000
  -2.080298910764885E+000
  -2.066325581212835E+000
  -2.052452718352299E+000
  -2.038680164147271E+000
  -2.025007743885627E+000
  -2.011435266673963E+000
  -1.997962525924882E+000
  -1.984589299836491E+000
  -1.971315351864254E+000
  -1.958140431185071E+000
  -1.945064273153617E+000
  -1.932086599750924E+000
  -1.919207120025185E+000
  -1.906425530524828E+000
  -1.893741515723832E+000
  -1.881154748439321E+000
  -1.868664890241456E+000
  -1.856271591855652E+000
  -1.843974493557143E+000
  -1.831773225557950E+000
  -1.819667408386276E+000
  -1.807656653258386E+000
  -1.795740562443009E+000
  -1.783918729618326E+000
  -1.772190740221596E+000
  -1.760556171791481E+000
  -1.749014594303119E+000
  -1.737565570496039E+000
  -1.726208656194954E+000
  -1.714943400623550E+000
  -1.703769346711262E+000
  -1.692686031393196E+000
  -1.681692985903247E+000
  -1.670789736060463E+000
  -1.659975802548793E+000
  -1.649250701190214E+000
  -1.638613943211409E+000
  -1.628065035504076E+000
  -1.617603480878824E+000
  -1.607228778312987E+000
  -1.596940423192144E+000
  -1.586737907545722E+000
  -1.576620720276548E+000
  -1.566588347384570E+000
  -1.556640272184822E+000
  -1.546775975519651E+000
  -1.536994935965353E+000
  -1.527296630033323E+000
  -1.517680532365784E+000
  -1.508146115926195E+000
  -1.498692852184433E+000
  -1.489320211296761E+000
  -1.480027662280861E+000
  -1.470814673185792E+000
  -1.461680711257213E+000
  -1.452625243097671E+000
  -1.443647734822267E+000
  -1.434747652209790E+000
  -1.425924460849192E+000
  -1.417177626281713E+000
  -1.408506614138773E+000
  -1.399910890275322E+000
  -1.391389920899364E+000
  -1.382943172697153E+000
  -1.374570112954451E+000
  -1.366270209673949E+000
  -1.358042931688729E+000
  -1.349887748772112E+000
  -1.341804131743650E+000
  -1.333791552571732E+000
  -1.325849484472563E+000
  -1.317977402005681E+000
  -1.310174781166133E+000
  -1.302441099473477E+000
  -1.294775836057440E+000
  -1.287178471740454E+000
  -1.279648489117172E+000
  -1.272185372631021E+000
  -1.264788608647763E+000
  -1.257457685526205E+000
  -1.250192093686231E+000
  -1.242991325673977E+000
  -1.235854876224408E+000
  -1.228782242321380E+000
  -1.221772923255124E+000
  -1.214826420677227E+000
  -1.207942238653288E+000
  -1.201119883713211E+000
  -1.194358864899215E+000
  -1.187658693811635E+000
  -1.181018884652651E+000
  -1.174438954267707E+000
  -1.167918422185082E+000
  -1.161456810653391E+000
  -1.155053644677196E+000
  -1.148708452050563E+000
  -1.142420763389040E+000
  -1.136190112159682E+000
  -1.130016034709378E+000
  -1.123898070291467E+000
  -1.117835761090845E+000
  -1.111828652247276E+000
  -1.105876291877294E+000
  -1.099978231094681E+000
  -1.094134024029181E+000
  -1.088343227844234E+000
  -1.082605402752890E+000
  -1.076920112032731E+000
  -1.071286922039405E+000
  -1.065705402218782E+000
  -1.060175125118050E+000
  -1.054695666395546E+000
  -1.049266604829484E+000
  -1.043887522325662E+000
  -1.038558003923981E+000
  -1.033277637803891E+000
  -1.028046015288893E+000
  -1.022862730850278E+000
  -1.017727382109527E+000
  -1.012639569840218E+000
  -1.007598897968663E+000
  -1.002604973574009E+000
  -9.976574068874555E-001
  -9.927558112906496E-001
  -9.878998033131410E-001
  -9.830890026293702E-001
  -9.783230320550302E-001
  -9.736015175424058E-001
  -9.689240881751857E-001
  -9.642903761628077E-001
  -9.597000168340060E-001
  -9.551526486298485E-001
  -9.506479130962475E-001
  -9.461854548758311E-001
  -9.417649216994022E-001
  -9.373859643768157E-001
  -9.330482367873998E-001
  -9.287513958700089E-001
  -9.244951016124361E-001
  -9.202790170406985E-001
  -9.146975772284520E-001
  -9.077643672134030E-001
  -9.008905839610151E-001
  -8.940757917141156E-001
  -8.873195589339105E-001
  -8.806214582800465E-001
  -8.739810665897494E-001
  -8.673979648568064E-001
  -8.608717382101077E-001
  -8.544019758917614E-001
  -8.479882712349536E-001
  -8.416302216414095E-001
  -8.353274285586849E-001
  -8.290794974568030E-001
  -8.228860378049916E-001
  -8.167466630481215E-001
  -8.106609905826190E-001
  -8.046286417324069E-001
  -7.986492417246325E-001
  -7.927224196649831E-001
  -7.868478085131159E-001
  -7.810250450577030E-001
  -7.752537698914210E-001
  -7.695336273858260E-001
  -7.638642656659016E-001
  -7.582453365848068E-001
  -7.526764956984380E-001
  -7.471574022395515E-001
  -7.416877190922975E-001
  -7.362671127663845E-001
  -7.308952533712869E-001
  -7.255718145905234E-001
  -7.202964736556936E-001
  -7.150689113206425E-001
  -7.098888118353699E-001
  -7.047558629202655E-001
  -6.996697557402172E-001
  -6.946301848785055E-001
  -6.896368483111672E-001
  -6.846894473810607E-001
  -6.797876867720021E-001
  -6.749312744828586E-001
  -6.701199218020690E-001
  -6.653533432817795E-001
  -6.606312567122359E-001
  -6.559533830964881E-001
  -6.513194466244840E-001
  -6.467291746481720E-001
  -6.421822976559781E-001
  -6.376785492474539E-001
  -6.332176661083224E-001
  -6.287993879856373E-001
  -6.244234576626013E-001
  -6.200896209338680E-001
  -6.157976265810419E-001
  -6.115472263478523E-001
  -6.073381749161797E-001
  -6.031702298812149E-001
  -5.990431517277841E-001
  -5.949567038060479E-001
  -5.909106523077980E-001
  -5.869047662426681E-001
  -5.829388174144015E-001
  -5.790125803978015E-001
  -5.751258325150559E-001
  -5.712783538129997E-001
  -5.674699270397241E-001
  -5.637003376220946E-001
  -5.599693736431561E-001
  -5.562768258194808E-001
  -5.526224874787715E-001
  -5.490061545381764E-001
  -5.454276254820343E-001
  -5.418867013399620E-001
  -5.383831856655661E-001
  -5.349168845149848E-001
  -5.314876064252019E-001
  -5.280951623936403E-001
  -5.247393658569592E-001
  -5.214200326703349E-001
  -5.181369810867125E-001
  -5.148900317373943E-001
  -5.116790076107804E-001
  -5.085037340329279E-001
  -5.053640386481391E-001
  -5.022597513987819E-001
  -4.991907045062192E-001
  -4.961567324515954E-001
  -4.931576719568227E-001
  -4.901933619659928E-001
  -4.872636436263917E-001
  -4.843683602705084E-001
  -4.815073573973621E-001
  -4.786804826549087E-001
  -4.758875858219085E-001
  -4.731285187906167E-001
  -4.704031355491622E-001
  -4.677112921639832E-001
  -4.650528467635411E-001
  -4.624276595210688E-001
  -4.598355926378304E-001
  -4.572765103267784E-001
  -4.547502787964106E-001
  -4.522567662345978E-001
  -4.497958427927244E-001
  -4.473673805702276E-001
  -4.449712535988510E-001
  -4.426073378274396E-001
  -4.402755111071599E-001
  -4.379756531764087E-001
  -4.357076456462039E-001
  -4.334713719855756E-001
  -4.312667175074978E-001
  -4.290935693547056E-001
  -4.269518164857118E-001
  -4.248413496612216E-001
  -4.227620614306318E-001
  -4.207138461186446E-001
  -4.186965998126198E-001
  -4.167102203487616E-001
  -4.147546073004946E-001
  -4.128296619649632E-001
  -4.109352873510943E-001
  -4.090713881677175E-001
  -4.072378708112296E-001
  -4.054346433541696E-001
  -4.036616155332808E-001
  -4.019186987384273E-001
  -4.002058060010540E-001
  -3.985228519838984E-001
  -3.968697529692804E-001
  -3.952464268493259E-001
  -3.936527931150522E-001
  -3.920887728461935E-001
  -3.905542887011961E-001
  -3.890492649074986E-001
  -3.875736272515837E-001
  -3.861273030701682E-001
  -3.847102212396294E-001
  -3.833223121681613E-001
  -3.819635077862813E-001
  -3.806337415380199E-001
  -3.793329483723369E-001
  -3.780610647354479E-001
  -3.768180285613312E-001
  -3.756037792650773E-001
  -3.744182577344191E-001
  -3.732614063217738E-001
  -3.721331688375358E-001
  -3.710334905422883E-001
  -3.699623181398124E-001
  -3.689195997698675E-001
  -3.679052850023936E-001
  -3.669193248298370E-001
  -3.659616716618075E-001
  -3.650322793174610E-001
  -3.641311030208954E-001
  -3.632580993955798E-001
  -3.624132264568516E-001
  -3.615964436080503E-001
  -3.608077116338109E-001
  -3.600469926973346E-001
  -3.593142503322042E-001
  -3.586094494398822E-001
  -3.579325562843678E-001
  -3.572835384890141E-001
  -3.566623650300471E-001
  -3.560690062341791E-001
  -3.555034337734924E-001
  -3.549656206633927E-001
  -3.544555412577211E-001
  -3.539731712455705E-001
  -3.535184876488984E-001
  -3.530914688171833E-001
  -3.526920944268568E-001
  -3.523203454790291E-001
  -3.519762042953971E-001
  -3.516596545168795E-001
  -3.513706810995245E-001
  -3.511092703161012E-001
  -3.508754097524616E-001
  -3.506690883027659E-001
  -3.504902961722109E-001
  -3.503390248779397E-001
  -3.502152672399461E-001
  -3.501190173883515E-001
  -3.500502707593114E-001
  -3.500090240922873E-001
  -3.500000000000000E-001
